2 0.563461538462 0.586538461538 0.0769230769231 0.103846153846
2 0.444230769231 0.445192307692 0.05 0.0634615384615
2 0.339423076923 0.377884615385 0.0480769230769 0.0596153846154
2 0.501923076923 0.295192307692 0.0346153846154 0.0442307692308
2 0.389423076923 0.243269230769 0.0326923076923 0.0326923076923
2 0.4875 0.241346153846 0.025 0.0365384615385
2 0.528846153846 0.220192307692 0.0230769230769 0.0288461538462
2 0.4125 0.189423076923 0.025 0.025
2 0.453846153846 0.182692307692 0.0230769230769 0.0230769230769
2 0.486538461538 0.197115384615 0.0230769230769 0.025
2 0.491346153846 0.168269230769 0.0173076923077 0.0211538461538
2 0.429807692308 0.163461538462 0.0211538461538 0.0230769230769
