6 0.5125 0.291346153846 0.0480769230769 0.0788461538462
2 0.434615384615 0.140384615385 0.0153846153846 0.0192307692308
2 0.467307692308 0.140384615385 0.0192307692308 0.0192307692308
2 0.451923076923 0.175961538462 0.0230769230769 0.025
2 0.401923076923 0.211538461538 0.0230769230769 0.0307692307692
2 0.385576923077 0.235576923077 0.025 0.0326923076923
2 0.453846153846 0.214423076923 0.0192307692308 0.0326923076923
2 0.366346153846 0.311538461538 0.0365384615385 0.0423076923077
2 0.617307692308 0.410576923077 0.05 0.0557692307692
2 0.55 0.567307692308 0.0653846153846 0.0923076923077
2 0.248076923077 0.678846153846 0.0884615384615 0.103846153846
