2 0.469230769231 0.157692307692 0.0192307692308 0.0269230769231
2 0.417307692308 0.188461538462 0.0230769230769 0.0230769230769
2 0.547115384615 0.226923076923 0.025 0.0307692307692
2 0.502884615385 0.265384615385 0.0288461538462 0.0346153846154
2 0.438461538462 0.294230769231 0.0346153846154 0.0461538461538
2 0.382692307692 0.267307692308 0.0307692307692 0.0423076923077
2 0.353846153846 0.366346153846 0.0384615384615 0.0519230769231
2 0.518269230769 0.382692307692 0.0403846153846 0.05
3 0.429807692308 0.535576923077 0.0673076923077 0.117307692308
2 0.279807692308 0.603846153846 0.0711538461538 0.0961538461538
6 0.495192307692 0.189423076923 0.0288461538462 0.0442307692308
