5 0.620192307692 0.331730769231 0.101923076923 0.190384615385
2 0.542307692308 0.514423076923 0.0653846153846 0.0788461538462
2 0.442307692308 0.332692307692 0.0384615384615 0.0461538461538
2 0.549038461538 0.225 0.0288461538462 0.0307692307692
3 0.505769230769 0.177884615385 0.0269230769231 0.0403846153846
2 0.474038461538 0.216346153846 0.025 0.0288461538462
2 0.421153846154 0.198076923077 0.0307692307692 0.0269230769231
2 0.425961538462 0.168269230769 0.025 0.025
2 0.463461538462 0.177884615385 0.0230769230769 0.025
2 0.506730769231 0.146153846154 0.0211538461538 0.0230769230769
