2 0.467307692308 0.121153846154 0.0153846153846 0.0230769230769
2 0.446153846154 0.135576923077 0.0153846153846 0.0211538461538
2 0.472115384615 0.145192307692 0.0173076923077 0.0211538461538
2 0.508653846154 0.142307692308 0.0173076923077 0.0269230769231
2 0.538461538462 0.157692307692 0.0192307692308 0.0269230769231
2 0.468269230769 0.180769230769 0.0211538461538 0.0307692307692
2 0.422115384615 0.183653846154 0.025 0.025
2 0.513461538462 0.206730769231 0.0269230769231 0.0326923076923
2 0.454807692308 0.248076923077 0.0326923076923 0.0346153846154
2 0.385576923077 0.310576923077 0.0365384615385 0.0480769230769
2 0.4375 0.405769230769 0.0519230769231 0.0653846153846
2 0.301923076923 0.510576923077 0.0653846153846 0.0788461538462
2 0.586538461538 0.508653846154 0.0576923076923 0.0673076923077
2 0.153846153846 0.923076923077 0.153846153846 0.15
1 0.401923076923 0.2375 0.0192307692308 0.0403846153846
3 0.520192307692 0.298076923077 0.0365384615385 0.0538461538462
