5 0.805769230769 0.716346153846 0.307692307692 0.563461538462
2 0.377884615385 0.884615384615 0.105769230769 0.165384615385
2 0.576923076923 0.322115384615 0.0384615384615 0.0480769230769
2 0.479807692308 0.333653846154 0.0365384615385 0.0519230769231
2 0.384615384615 0.301923076923 0.0346153846154 0.0384615384615
3 0.506730769231 0.240384615385 0.0326923076923 0.0615384615385
2 0.385576923077 0.241346153846 0.025 0.0403846153846
2 0.448076923077 0.245192307692 0.0307692307692 0.0326923076923
2 0.492307692308 0.188461538462 0.0230769230769 0.0269230769231
2 0.465384615385 0.160576923077 0.0192307692308 0.0211538461538
2 0.504807692308 0.143269230769 0.0173076923077 0.025
