2 0.465384615385 0.15 0.0192307692308 0.0230769230769
2 0.438461538462 0.144230769231 0.0230769230769 0.0192307692308
2 0.502884615385 0.1375 0.0173076923077 0.0173076923077
2 0.545192307692 0.176923076923 0.0211538461538 0.0269230769231
2 0.422115384615 0.165384615385 0.0173076923077 0.0192307692308
2 0.455769230769 0.185576923077 0.0230769230769 0.025
2 0.498076923077 0.177884615385 0.0192307692308 0.025
2 0.560576923077 0.223076923077 0.0288461538462 0.0346153846154
2 0.393269230769 0.272115384615 0.0365384615385 0.0365384615385
2 0.402884615385 0.796153846154 0.0942307692308 0.134615384615
