2 0.503846153846 0.127884615385 0.0153846153846 0.0211538461538
2 0.461538461538 0.150961538462 0.0153846153846 0.0211538461538
2 0.455769230769 0.193269230769 0.0269230769231 0.0288461538462
2 0.403846153846 0.201923076923 0.0230769230769 0.0307692307692
2 0.445192307692 0.274038461538 0.0326923076923 0.0403846153846
2 0.439423076923 0.383653846154 0.0442307692308 0.0596153846154
2 0.338461538462 0.425 0.0538461538462 0.0538461538462
2 0.283653846154 0.559615384615 0.0673076923077 0.0923076923077
6 0.472115384615 0.123076923077 0.0173076923077 0.0384615384615
6 0.618269230769 0.756730769231 0.136538461538 0.251923076923
