2 0.814423076923 0.758653846154 0.132692307692 0.163461538462
2 0.438461538462 0.136538461538 0.0192307692308 0.0192307692308
2 0.465384615385 0.158653846154 0.0230769230769 0.0211538461538
2 0.405769230769 0.224038461538 0.0269230769231 0.0326923076923
2 0.517307692308 0.244230769231 0.0307692307692 0.0346153846154
2 0.450961538462 0.294230769231 0.0365384615385 0.0423076923077
2 0.371153846154 0.325961538462 0.0423076923077 0.0480769230769
2 0.457692307692 0.436538461538 0.0538461538462 0.0653846153846
3 0.418269230769 0.177884615385 0.0288461538462 0.0480769230769
5 0.545192307692 0.172115384615 0.0403846153846 0.0942307692308
