2 0.440384615385 0.568269230769 0.0653846153846 0.105769230769
2 0.4875 0.440384615385 0.0519230769231 0.0692307692308
2 0.338461538462 0.432692307692 0.0615384615385 0.0653846153846
2 0.605769230769 0.3125 0.0423076923077 0.0557692307692
2 0.513461538462 0.3125 0.0423076923077 0.0480769230769
2 0.382692307692 0.297115384615 0.0461538461538 0.0480769230769
2 0.419230769231 0.204807692308 0.0269230769231 0.0326923076923
2 0.469230769231 0.200961538462 0.0269230769231 0.0365384615385
2 0.475 0.155769230769 0.0230769230769 0.0230769230769
2 0.513461538462 0.145192307692 0.0192307692308 0.0211538461538
2 0.483653846154 0.132692307692 0.0211538461538 0.0269230769231
