2 0.445192307692 0.454807692308 0.0557692307692 0.0634615384615
2 0.455769230769 0.125 0.0153846153846 0.0192307692308
2 0.486538461538 0.131730769231 0.0153846153846 0.0211538461538
2 0.471153846154 0.145192307692 0.0153846153846 0.0211538461538
2 0.547115384615 0.188461538462 0.025 0.0346153846154
2 0.460576923077 0.202884615385 0.025 0.025
2 0.394230769231 0.259615384615 0.0307692307692 0.0384615384615
2 0.513461538462 0.253846153846 0.0307692307692 0.0423076923077
2 0.338461538462 0.406730769231 0.05 0.0634615384615
5 0.544230769231 0.103846153846 0.0230769230769 0.05
6 0.446153846154 0.280769230769 0.0461538461538 0.0961538461538
