1 0.303846153846 0.532692307692 0.0384615384615 0.0961538461538
3 0.631730769231 0.849038461538 0.125 0.205769230769
2 0.439423076923 0.496153846154 0.0596153846154 0.0846153846154
2 0.548076923077 0.349038461538 0.0423076923077 0.0596153846154
2 0.378846153846 0.306730769231 0.0423076923077 0.0519230769231
2 0.217307692308 0.923076923077 0.134615384615 0.15
2 0.461538461538 0.257692307692 0.0346153846154 0.0384615384615
2 0.465384615385 0.205769230769 0.0269230769231 0.0307692307692
2 0.554807692308 0.2 0.0288461538462 0.0307692307692
2 0.502884615385 0.1875 0.0288461538462 0.0288461538462
2 0.419230769231 0.197115384615 0.0307692307692 0.0288461538462
2 0.431730769231 0.1625 0.025 0.025
2 0.477884615385 0.1375 0.0211538461538 0.025
2 0.450961538462 0.133653846154 0.0173076923077 0.0211538461538
