2 0.535576923077 0.508653846154 0.0596153846154 0.0826923076923
2 0.340384615385 0.377884615385 0.0461538461538 0.0519230769231
2 0.507692307692 0.341346153846 0.0384615384615 0.0480769230769
2 0.549038461538 0.281730769231 0.0288461538462 0.0326923076923
2 0.392307692308 0.253846153846 0.0307692307692 0.0346153846154
2 0.495192307692 0.25 0.025 0.0307692307692
2 0.450961538462 0.231730769231 0.025 0.0326923076923
2 0.494230769231 0.206730769231 0.0230769230769 0.0288461538462
2 0.402884615385 0.2 0.025 0.0269230769231
2 0.154807692308 0.932692307692 0.155769230769 0.126923076923
2 0.457692307692 0.184615384615 0.0192307692308 0.0269230769231
3 0.461538461538 0.1625 0.0192307692308 0.025
2 0.503846153846 0.148076923077 0.0192307692308 0.0230769230769
2 0.434615384615 0.157692307692 0.0192307692308 0.0230769230769
