3 0.500961538462 0.143269230769 0.0173076923077 0.0288461538462
2 0.458653846154 0.160576923077 0.0211538461538 0.025
2 0.439423076923 0.142307692308 0.0173076923077 0.0192307692308
2 0.422115384615 0.164423076923 0.0211538461538 0.0211538461538
2 0.418269230769 0.1875 0.0211538461538 0.0211538461538
2 0.526923076923 0.175 0.0230769230769 0.0230769230769
2 0.453846153846 0.203846153846 0.0230769230769 0.0307692307692
2 0.401923076923 0.231730769231 0.0269230769231 0.0326923076923
2 0.5 0.240384615385 0.0269230769231 0.0384615384615
2 0.448076923077 0.268269230769 0.0269230769231 0.0326923076923
2 0.523076923077 0.320192307692 0.0384615384615 0.0403846153846
2 0.430769230769 0.407692307692 0.0461538461538 0.0576923076923
