5 0.5375 0.128846153846 0.0326923076923 0.0653846153846
3 0.453846153846 0.117307692308 0.0192307692308 0.0346153846154
2 0.4375 0.144230769231 0.0173076923077 0.0230769230769
2 0.508653846154 0.163461538462 0.0211538461538 0.0230769230769
2 0.463461538462 0.175 0.0192307692308 0.0269230769231
2 0.419230769231 0.181730769231 0.0269230769231 0.0288461538462
2 0.466346153846 0.211538461538 0.025 0.0307692307692
2 0.592307692308 0.296153846154 0.0384615384615 0.0538461538462
2 0.451923076923 0.369230769231 0.0461538461538 0.0538461538462
2 0.573076923077 0.532692307692 0.0730769230769 0.0961538461538
2 0.203846153846 0.7875 0.111538461538 0.128846153846
