3 0.332692307692 0.382692307692 0.0615384615385 0.0807692307692
2 0.251923076923 0.700961538462 0.1 0.125
2 0.551923076923 0.636538461538 0.0769230769231 0.119230769231
2 0.410576923077 0.443269230769 0.0442307692308 0.0711538461538
2 0.418269230769 0.332692307692 0.0403846153846 0.0461538461538
2 0.490384615385 0.223076923077 0.0307692307692 0.0307692307692
2 0.491346153846 0.186538461538 0.0211538461538 0.0230769230769
2 0.454807692308 0.170192307692 0.0173076923077 0.025
3 0.368269230769 0.936538461538 0.121153846154 0.123076923077
2 0.499038461538 0.151923076923 0.0173076923077 0.0192307692308
2 0.467307692308 0.140384615385 0.0153846153846 0.0230769230769
