2 0.430769230769 0.159615384615 0.0192307692308 0.0230769230769
2 0.534615384615 0.139423076923 0.0192307692308 0.0211538461538
2 0.499038461538 0.183653846154 0.0211538461538 0.025
2 0.459615384615 0.207692307692 0.0269230769231 0.0269230769231
2 0.408653846154 0.208653846154 0.0288461538462 0.0326923076923
2 0.3875 0.261538461538 0.0326923076923 0.0384615384615
2 0.5125 0.278846153846 0.0288461538462 0.0423076923077
2 0.580769230769 0.265384615385 0.0307692307692 0.0384615384615
2 0.446153846154 0.308653846154 0.0384615384615 0.0403846153846
2 0.266346153846 0.695192307692 0.0942307692308 0.121153846154
2 0.640384615385 0.407692307692 0.05 0.0692307692308
