6 0.5 0.139423076923 0.0230769230769 0.0326923076923
2 0.420192307692 0.168269230769 0.0211538461538 0.025
2 0.452884615385 0.179807692308 0.0211538461538 0.0288461538462
2 0.494230769231 0.176923076923 0.0230769230769 0.0230769230769
2 0.533653846154 0.156730769231 0.0211538461538 0.0211538461538
2 0.410576923077 0.203846153846 0.025 0.0307692307692
3 0.449038461538 0.232692307692 0.0326923076923 0.0384615384615
2 0.496153846154 0.218269230769 0.0230769230769 0.0326923076923
2 0.391346153846 0.25 0.0288461538462 0.0307692307692
2 0.589423076923 0.343269230769 0.0403846153846 0.0519230769231
2 0.330769230769 0.442307692308 0.0538461538462 0.0653846153846
2 0.240384615385 0.709615384615 0.1 0.126923076923
2 0.600961538462 0.923076923077 0.105769230769 0.15
