3 0.464423076923 0.150961538462 0.0211538461538 0.0288461538462
2 0.429807692308 0.161538461538 0.0211538461538 0.0230769230769
2 0.505769230769 0.149038461538 0.0192307692308 0.0211538461538
2 0.542307692308 0.2 0.0269230769231 0.0269230769231
2 0.406730769231 0.216346153846 0.0288461538462 0.0288461538462
2 0.393269230769 0.260576923077 0.0365384615385 0.0365384615385
2 0.511538461538 0.307692307692 0.0346153846154 0.0423076923077
2 0.444230769231 0.385576923077 0.05 0.0557692307692
2 0.332692307692 0.426923076923 0.0538461538462 0.0576923076923
2 0.726923076923 0.609615384615 0.0846153846154 0.0961538461538
2 0.591346153846 0.759615384615 0.101923076923 0.142307692308
2 0.219230769231 0.789423076923 0.119230769231 0.144230769231
