2 0.771153846154 0.884615384615 0.134615384615 0.169230769231
2 0.580769230769 0.769230769231 0.0884615384615 0.130769230769
2 0.410576923077 0.6625 0.075 0.109615384615
2 0.286538461538 0.499038461538 0.0615384615385 0.0711538461538
2 0.528846153846 0.426923076923 0.0538461538462 0.0692307692308
2 0.442307692308 0.322115384615 0.0384615384615 0.0519230769231
2 0.381730769231 0.273076923077 0.0326923076923 0.0423076923077
3 0.442307692308 0.256730769231 0.0346153846154 0.0403846153846
3 0.419230769231 0.171153846154 0.0269230769231 0.0307692307692
2 0.404807692308 0.211538461538 0.025 0.0269230769231
2 0.444230769231 0.208653846154 0.0230769230769 0.025
2 0.493269230769 0.224038461538 0.025 0.0365384615385
2 0.453846153846 0.173076923077 0.0230769230769 0.0269230769231
2 0.499038461538 0.149038461538 0.0211538461538 0.0211538461538
