2 0.552884615385 0.665384615385 0.0865384615385 0.123076923077
2 0.423076923077 0.410576923077 0.0461538461538 0.0634615384615
2 0.501923076923 0.280769230769 0.0346153846154 0.0423076923077
2 0.446153846154 0.248076923077 0.0269230769231 0.0346153846154
2 0.395192307692 0.224038461538 0.0326923076923 0.0365384615385
2 0.4875 0.201923076923 0.025 0.0307692307692
2 0.421153846154 0.174038461538 0.0230769230769 0.025
2 0.517307692308 0.174038461538 0.0230769230769 0.0211538461538
2 0.439423076923 0.146153846154 0.0173076923077 0.0192307692308
2 0.471153846154 0.148076923077 0.0153846153846 0.0192307692308
2 0.483653846154 0.182692307692 0.0211538461538 0.0269230769231
