3 0.496153846154 0.188461538462 0.0230769230769 0.0346153846154
1 0.426923076923 0.158653846154 0.0153846153846 0.0288461538462
2 0.475 0.1375 0.0192307692308 0.0211538461538
2 0.504807692308 0.150961538462 0.0211538461538 0.0211538461538
2 0.457692307692 0.172115384615 0.0192307692308 0.025
2 0.419230769231 0.194230769231 0.0230769230769 0.0269230769231
2 0.449038461538 0.224038461538 0.025 0.0365384615385
2 0.394230769231 0.239423076923 0.0269230769231 0.0326923076923
2 0.534615384615 0.252884615385 0.0307692307692 0.0326923076923
2 0.375961538462 0.297115384615 0.0365384615385 0.0403846153846
2 0.439423076923 0.340384615385 0.0326923076923 0.0538461538462
2 0.321153846154 0.472115384615 0.0615384615385 0.075
2 0.544230769231 0.471153846154 0.05 0.0769230769231
2 0.425 0.599038461538 0.0692307692308 0.0788461538462
