3 0.533653846154 0.444230769231 0.0634615384615 0.123076923077
2 0.759615384615 0.775 0.123076923077 0.146153846154
2 0.266346153846 0.589423076923 0.0942307692308 0.128846153846
2 0.419230769231 0.492307692308 0.0538461538462 0.0769230769231
2 0.498076923077 0.297115384615 0.0384615384615 0.0442307692308
2 0.443269230769 0.236538461538 0.0288461538462 0.0384615384615
2 0.488461538462 0.197115384615 0.0230769230769 0.025
2 0.426923076923 0.166346153846 0.0230769230769 0.025
2 0.456730769231 0.178846153846 0.025 0.0230769230769
2 0.494230769231 0.161538461538 0.0192307692308 0.0230769230769
2 0.457692307692 0.140384615385 0.0192307692308 0.0192307692308
