2 0.558653846154 0.639423076923 0.075 0.105769230769
2 0.600961538462 0.418269230769 0.0480769230769 0.0557692307692
2 0.338461538462 0.421153846154 0.0538461538462 0.0653846153846
2 0.515384615385 0.372115384615 0.0423076923077 0.0480769230769
2 0.442307692308 0.3375 0.0384615384615 0.0480769230769
2 0.372115384615 0.281730769231 0.0403846153846 0.0403846153846
2 0.503846153846 0.275961538462 0.0307692307692 0.0326923076923
2 0.450961538462 0.231730769231 0.025 0.0288461538462
3 0.449038461538 0.198076923077 0.0211538461538 0.0269230769231
2 0.409615384615 0.200961538462 0.0230769230769 0.0288461538462
3 0.444230769231 0.142307692308 0.0192307692308 0.0269230769231
2 0.492307692308 0.176923076923 0.0192307692308 0.0269230769231
2 0.473076923077 0.147115384615 0.0192307692308 0.025
2 0.454807692308 0.175961538462 0.0173076923077 0.0288461538462
2 0.515384615385 0.132692307692 0.0192307692308 0.0192307692308
