2 0.417307692308 0.601923076923 0.0730769230769 0.107692307692
2 0.309615384615 0.495192307692 0.0615384615385 0.0711538461538
3 0.423076923077 0.388461538462 0.0461538461538 0.0653846153846
2 0.503846153846 0.318269230769 0.0346153846154 0.0519230769231
2 0.372115384615 0.307692307692 0.0403846153846 0.0423076923077
2 0.432692307692 0.271153846154 0.0307692307692 0.0384615384615
3 0.389423076923 0.225961538462 0.0326923076923 0.0442307692308
2 0.444230769231 0.221153846154 0.0269230769231 0.0307692307692
2 0.489423076923 0.174038461538 0.0211538461538 0.025
2 0.468269230769 0.143269230769 0.0173076923077 0.025
