2 0.482692307692 0.128846153846 0.0192307692308 0.0230769230769
2 0.440384615385 0.142307692308 0.0153846153846 0.0230769230769
2 0.464423076923 0.155769230769 0.0173076923077 0.0307692307692
2 0.424038461538 0.168269230769 0.025 0.025
2 0.495192307692 0.177884615385 0.0173076923077 0.025
2 0.456730769231 0.192307692308 0.025 0.0230769230769
2 0.503846153846 0.217307692308 0.0269230769231 0.0269230769231
2 0.447115384615 0.245192307692 0.0288461538462 0.0326923076923
2 0.332692307692 0.413461538462 0.05 0.0615384615385
2 0.420192307692 0.55 0.0634615384615 0.0807692307692
5 0.784615384615 0.671153846154 0.288461538462 0.534615384615
