2 0.192307692308 0.794230769231 0.115384615385 0.15
2 0.568269230769 0.693269230769 0.0865384615385 0.117307692308
2 0.406730769231 0.619230769231 0.0788461538462 0.115384615385
2 0.397115384615 0.465384615385 0.0519230769231 0.0692307692308
2 0.498076923077 0.378846153846 0.0423076923077 0.05
2 0.591346153846 0.386538461538 0.0480769230769 0.0576923076923
2 0.368269230769 0.319230769231 0.0403846153846 0.0423076923077
2 0.552884615385 0.298076923077 0.0365384615385 0.0423076923077
2 0.485576923077 0.259615384615 0.0326923076923 0.0346153846154
2 0.533653846154 0.253846153846 0.0288461538462 0.0346153846154
2 0.428846153846 0.226923076923 0.0307692307692 0.0307692307692
2 0.479807692308 0.199038461538 0.025 0.0288461538462
