2 0.374038461538 0.818269230769 0.0980769230769 0.151923076923
2 0.193269230769 0.741346153846 0.117307692308 0.125
2 0.553846153846 0.6625 0.0730769230769 0.109615384615
2 0.417307692308 0.372115384615 0.0461538461538 0.0596153846154
2 0.350961538462 0.357692307692 0.0403846153846 0.05
2 0.426923076923 0.292307692308 0.0346153846154 0.0384615384615
2 0.369230769231 0.256730769231 0.0307692307692 0.0326923076923
3 0.425961538462 0.218269230769 0.0288461538462 0.0480769230769
2 0.519230769231 0.225961538462 0.0269230769231 0.0326923076923
2 0.475 0.219230769231 0.0269230769231 0.0307692307692
2 0.479807692308 0.169230769231 0.025 0.0230769230769
2 0.398076923077 0.197115384615 0.0230769230769 0.025
