2 0.225 0.714423076923 0.0923076923077 0.121153846154
2 0.595192307692 0.700961538462 0.0903846153846 0.113461538462
2 0.517307692308 0.449038461538 0.0538461538462 0.075
2 0.324038461538 0.454807692308 0.0596153846154 0.0673076923077
2 0.357692307692 0.297115384615 0.0423076923077 0.0403846153846
2 0.426923076923 0.274038461538 0.0346153846154 0.0365384615385
3 0.485576923077 0.2625 0.0326923076923 0.0365384615385
2 0.381730769231 0.233653846154 0.0326923076923 0.0365384615385
2 0.428846153846 0.225 0.0307692307692 0.0346153846154
2 0.516346153846 0.218269230769 0.0326923076923 0.0326923076923
2 0.394230769231 0.199038461538 0.0230769230769 0.025
