2 0.266346153846 0.668269230769 0.0903846153846 0.113461538462
2 0.555769230769 0.708653846154 0.0961538461538 0.121153846154
2 0.349038461538 0.377884615385 0.0557692307692 0.0596153846154
2 0.499038461538 0.329807692308 0.0403846153846 0.0403846153846
2 0.428846153846 0.296153846154 0.0307692307692 0.0423076923077
2 0.361538461538 0.292307692308 0.0384615384615 0.0384615384615
2 0.533653846154 0.257692307692 0.0326923076923 0.0384615384615
2 0.475961538462 0.242307692308 0.0326923076923 0.0307692307692
2 0.424038461538 0.259615384615 0.0288461538462 0.0346153846154
2 0.419230769231 0.2 0.0307692307692 0.0269230769231
2 0.480769230769 0.189423076923 0.0269230769231 0.025
2 0.519230769231 0.223076923077 0.0230769230769 0.0230769230769
