2 0.403846153846 0.589423076923 0.0653846153846 0.105769230769
2 0.614423076923 0.469230769231 0.0519230769231 0.0692307692308
2 0.416346153846 0.3625 0.0403846153846 0.0519230769231
2 0.5 0.351923076923 0.0423076923077 0.0461538461538
2 0.340384615385 0.329807692308 0.0423076923077 0.0480769230769
2 0.429807692308 0.250961538462 0.0288461538462 0.0403846153846
2 0.390384615385 0.2375 0.0269230769231 0.0326923076923
3 0.442307692308 0.174038461538 0.0230769230769 0.0326923076923
2 0.509615384615 0.1875 0.0192307692308 0.025
2 0.475961538462 0.181730769231 0.0211538461538 0.025
2 0.399038461538 0.191346153846 0.0211538461538 0.0288461538462
2 0.434615384615 0.216346153846 0.0230769230769 0.0288461538462
