3 0.417307692308 0.303846153846 0.0423076923077 0.0653846153846
2 0.376923076923 0.879807692308 0.115384615385 0.182692307692
2 0.403846153846 0.504807692308 0.0576923076923 0.0711538461538
2 0.309615384615 0.434615384615 0.0538461538462 0.0692307692308
2 0.486538461538 0.302884615385 0.0346153846154 0.0442307692308
2 0.549038461538 0.295192307692 0.0365384615385 0.0365384615385
2 0.367307692308 0.270192307692 0.0307692307692 0.0326923076923
2 0.478846153846 0.211538461538 0.0269230769231 0.0346153846154
2 0.525 0.234615384615 0.0269230769231 0.0346153846154
2 0.388461538462 0.222115384615 0.0230769230769 0.0288461538462
2 0.398076923077 0.191346153846 0.0192307692308 0.0288461538462
2 0.1625 0.950961538462 0.151923076923 0.0942307692308
