3 0.392307692308 0.573076923077 0.0807692307692 0.146153846154
2 0.293269230769 0.475 0.0596153846154 0.0730769230769
2 0.528846153846 0.528846153846 0.0615384615385 0.0846153846154
2 0.615384615385 0.452884615385 0.0538461538462 0.0634615384615
2 0.405769230769 0.460576923077 0.0538461538462 0.0673076923077
2 0.351923076923 0.321153846154 0.0384615384615 0.0423076923077
2 0.548076923077 0.343269230769 0.0384615384615 0.0480769230769
2 0.489423076923 0.278846153846 0.0326923076923 0.0423076923077
2 0.375961538462 0.265384615385 0.0365384615385 0.0346153846154
3 0.475 0.193269230769 0.0230769230769 0.0326923076923
2 0.385576923077 0.206730769231 0.0211538461538 0.0326923076923
2 0.433653846154 0.209615384615 0.0211538461538 0.0269230769231
