2 0.332692307692 0.881730769231 0.111538461538 0.186538461538
2 0.513461538462 0.4625 0.05 0.0557692307692
2 0.421153846154 0.399038461538 0.0461538461538 0.0596153846154
2 0.316346153846 0.4625 0.0596153846154 0.0673076923077
3 0.564423076923 0.355769230769 0.0365384615385 0.0538461538462
2 0.444230769231 0.286538461538 0.0346153846154 0.0307692307692
2 0.534615384615 0.276923076923 0.0307692307692 0.0307692307692
2 0.452884615385 0.208653846154 0.025 0.025
2 0.477884615385 0.176923076923 0.0211538461538 0.0192307692308
2 0.455769230769 0.175961538462 0.0230769230769 0.0211538461538
