2 0.410576923077 0.446153846154 0.0557692307692 0.0538461538462
2 0.486538461538 0.363461538462 0.0461538461538 0.05
2 0.35 0.314423076923 0.0423076923077 0.0442307692308
2 0.413461538462 0.275 0.0346153846154 0.0346153846154
2 0.500961538462 0.244230769231 0.025 0.0269230769231
3 0.461538461538 0.203846153846 0.0269230769231 0.0346153846154
2 0.380769230769 0.235576923077 0.0230769230769 0.0288461538462
2 0.425 0.224038461538 0.0230769230769 0.025
2 0.502884615385 0.177884615385 0.0211538461538 0.0211538461538
2 0.449038461538 0.168269230769 0.0211538461538 0.0211538461538
2 0.421153846154 0.168269230769 0.0192307692308 0.0134615384615
