2 0.55 0.636538461538 0.0923076923077 0.111538461538
2 0.518269230769 0.419230769231 0.0557692307692 0.0615384615385
2 0.421153846154 0.375 0.0423076923077 0.0461538461538
2 0.361538461538 0.332692307692 0.0384615384615 0.0423076923077
2 0.485576923077 0.229807692308 0.0288461538462 0.0288461538462
2 0.442307692308 0.224038461538 0.0192307692308 0.0211538461538
2 0.401923076923 0.207692307692 0.0192307692308 0.0230769230769
2 0.518269230769 0.211538461538 0.0211538461538 0.0269230769231
2 0.447115384615 0.200961538462 0.025 0.025
2 0.475961538462 0.203846153846 0.0211538461538 0.0192307692308
2 0.4875 0.182692307692 0.0173076923077 0.0230769230769
