2 0.401923076923 0.753846153846 0.0846153846154 0.130769230769
2 0.670192307692 0.627884615385 0.0903846153846 0.0942307692308
2 0.285576923077 0.528846153846 0.0711538461538 0.0807692307692
2 0.410576923077 0.4375 0.0634615384615 0.0673076923077
2 0.425961538462 0.317307692308 0.0403846153846 0.0423076923077
2 0.367307692308 0.3 0.0384615384615 0.0461538461538
2 0.485576923077 0.289423076923 0.0326923076923 0.0365384615385
2 0.477884615385 0.25 0.025 0.0269230769231
2 0.524038461538 0.243269230769 0.0211538461538 0.025
2 0.390384615385 0.232692307692 0.0230769230769 0.0230769230769
2 0.402884615385 0.202884615385 0.0211538461538 0.025
2 0.442307692308 0.186538461538 0.0192307692308 0.0269230769231
2 0.478846153846 0.194230769231 0.0192307692308 0.0230769230769
