2 0.197115384615 0.846153846154 0.132692307692 0.173076923077
2 0.391346153846 0.628846153846 0.0788461538462 0.0961538461538
2 0.503846153846 0.495192307692 0.0615384615385 0.0711538461538
2 0.293269230769 0.490384615385 0.0634615384615 0.0692307692308
3 0.583653846154 0.4125 0.0557692307692 0.075
2 0.351923076923 0.335576923077 0.0384615384615 0.0519230769231
2 0.435576923077 0.330769230769 0.0365384615385 0.0384615384615
2 0.373076923077 0.276923076923 0.0307692307692 0.0384615384615
2 0.432692307692 0.252884615385 0.0269230769231 0.0326923076923
2 0.517307692308 0.254807692308 0.0230769230769 0.025
2 0.3875 0.223076923077 0.0288461538462 0.0269230769231
2 0.431730769231 0.214423076923 0.0211538461538 0.025
