3 0.767307692308 0.876923076923 0.161538461538 0.215384615385
2 0.424038461538 0.65 0.0788461538462 0.1
2 0.249038461538 0.651923076923 0.0980769230769 0.123076923077
2 0.318269230769 0.434615384615 0.0634615384615 0.0692307692308
2 0.422115384615 0.3625 0.0403846153846 0.0480769230769
2 0.551923076923 0.35 0.0461538461538 0.0461538461538
2 0.359615384615 0.301923076923 0.0346153846154 0.0384615384615
2 0.424038461538 0.279807692308 0.0326923076923 0.0326923076923
2 0.389423076923 0.222115384615 0.025 0.0288461538462
2 0.430769230769 0.231730769231 0.0269230769231 0.0288461538462
2 0.476923076923 0.224038461538 0.0269230769231 0.025
2 0.413461538462 0.186538461538 0.0192307692308 0.0230769230769
2 0.509615384615 0.197115384615 0.0192307692308 0.0288461538462
2 0.473076923077 0.203846153846 0.0230769230769 0.0192307692308
