2 0.318269230769 0.471153846154 0.0634615384615 0.0653846153846
2 0.524038461538 0.472115384615 0.0634615384615 0.0711538461538
3 0.344230769231 0.3375 0.0461538461538 0.0519230769231
2 0.490384615385 0.355769230769 0.0461538461538 0.0538461538462
2 0.373076923077 0.284615384615 0.0307692307692 0.0346153846154
2 0.426923076923 0.272115384615 0.0307692307692 0.0326923076923
2 0.386538461538 0.233653846154 0.0307692307692 0.0365384615385
2 0.515384615385 0.223076923077 0.0307692307692 0.0346153846154
2 0.478846153846 0.208653846154 0.0269230769231 0.025
2 0.4375 0.205769230769 0.0211538461538 0.0230769230769
