2 0.420192307692 0.553846153846 0.075 0.0884615384615
2 0.296153846154 0.519230769231 0.0769230769231 0.0884615384615
2 0.508653846154 0.438461538462 0.0557692307692 0.0615384615385
2 0.571153846154 0.356730769231 0.0423076923077 0.0480769230769
2 0.4875 0.342307692308 0.0403846153846 0.0423076923077
2 0.356730769231 0.328846153846 0.0403846153846 0.0423076923077
2 0.380769230769 0.263461538462 0.0346153846154 0.0384615384615
2 0.480769230769 0.242307692308 0.0269230769231 0.0307692307692
2 0.426923076923 0.230769230769 0.0269230769231 0.0307692307692
2 0.390384615385 0.213461538462 0.0192307692308 0.0230769230769
2 0.401923076923 0.197115384615 0.0192307692308 0.0211538461538
2 0.436538461538 0.189423076923 0.0192307692308 0.0211538461538
3 0.414423076923 0.174038461538 0.025 0.0326923076923
