2 0.688461538462 0.710576923077 0.107692307692 0.128846153846
2 0.528846153846 0.707692307692 0.0923076923077 0.111538461538
2 0.604807692308 0.454807692308 0.0596153846154 0.0634615384615
2 0.338461538462 0.369230769231 0.0538461538462 0.0538461538462
2 0.426923076923 0.259615384615 0.0307692307692 0.0269230769231
2 0.470192307692 0.231730769231 0.025 0.025
3 0.478846153846 0.159615384615 0.0230769230769 0.0269230769231
2 0.390384615385 0.206730769231 0.0230769230769 0.0288461538462
2 0.5 0.191346153846 0.0230769230769 0.0211538461538
2 0.415384615385 0.177884615385 0.0153846153846 0.025
2 0.448076923077 0.174038461538 0.0153846153846 0.0173076923077
