5 0.515384615385 0.177884615385 0.0346153846154 0.0711538461538
2 0.716346153846 0.729807692308 0.105769230769 0.117307692308
2 0.5875 0.939423076923 0.125 0.117307692308
2 0.267307692308 0.602884615385 0.0884615384615 0.105769230769
2 0.410576923077 0.494230769231 0.0596153846154 0.0730769230769
2 0.570192307692 0.370192307692 0.0403846153846 0.0442307692308
2 0.490384615385 0.318269230769 0.0346153846154 0.0403846153846
2 0.425961538462 0.304807692308 0.0326923076923 0.0365384615385
2 0.367307692308 0.314423076923 0.0346153846154 0.0365384615385
2 0.476923076923 0.25 0.0307692307692 0.0269230769231
2 0.398076923077 0.225 0.0269230769231 0.0230769230769
2 0.445192307692 0.193269230769 0.0211538461538 0.0211538461538
