2 0.400961538462 0.659615384615 0.0903846153846 0.142307692308
2 0.564423076923 0.635576923077 0.0903846153846 0.113461538462
2 0.282692307692 0.502884615385 0.0653846153846 0.0673076923077
2 0.327884615385 0.409615384615 0.0480769230769 0.0653846153846
3 0.354807692308 0.303846153846 0.0442307692308 0.0576923076923
2 0.417307692308 0.310576923077 0.0384615384615 0.0365384615385
2 0.5125 0.241346153846 0.025 0.025
2 0.466346153846 0.235576923077 0.0211538461538 0.0211538461538
2 0.509615384615 0.207692307692 0.0192307692308 0.0192307692308
2 0.410576923077 0.180769230769 0.0211538461538 0.0192307692308
