2 0.275 0.645192307692 0.0846153846154 0.0980769230769
2 0.423076923077 0.428846153846 0.05 0.0615384615385
2 0.351923076923 0.364423076923 0.0461538461538 0.0480769230769
2 0.559615384615 0.334615384615 0.0423076923077 0.0461538461538
2 0.496153846154 0.301923076923 0.0346153846154 0.0346153846154
2 0.425961538462 0.310576923077 0.0365384615385 0.0365384615385
2 0.367307692308 0.3 0.0384615384615 0.0346153846154
2 0.443269230769 0.275 0.0288461538462 0.0307692307692
2 0.435576923077 0.244230769231 0.025 0.0269230769231
2 0.389423076923 0.233653846154 0.025 0.025
2 0.484615384615 0.227884615385 0.0269230769231 0.0288461538462
2 0.445192307692 0.216346153846 0.0288461538462 0.025
2 0.520192307692 0.201923076923 0.0211538461538 0.0307692307692
