2 0.163461538462 0.873076923077 0.134615384615 0.184615384615
2 0.386538461538 0.475 0.0576923076923 0.0615384615385
2 0.327884615385 0.380769230769 0.0480769230769 0.0538461538462
2 0.547115384615 0.365384615385 0.0480769230769 0.0461538461538
3 0.471153846154 0.290384615385 0.0461538461538 0.0576923076923
2 0.407692307692 0.325961538462 0.0384615384615 0.0403846153846
2 0.501923076923 0.222115384615 0.0230769230769 0.0288461538462
2 0.379807692308 0.224038461538 0.0211538461538 0.025
2 0.427884615385 0.210576923077 0.0211538461538 0.0211538461538
2 0.459615384615 0.185576923077 0.0230769230769 0.0211538461538
2 0.5 0.170192307692 0.0192307692308 0.0211538461538
