4 0.584615384615 0.675 0.180769230769 0.4
2 0.227884615385 0.732692307692 0.117307692308 0.123076923077
2 0.4125 0.519230769231 0.0711538461538 0.0884615384615
2 0.675961538462 0.584615384615 0.0634615384615 0.0923076923077
2 0.326923076923 0.449038461538 0.0615384615385 0.0596153846154
2 0.519230769231 0.448076923077 0.0615384615385 0.0538461538462
2 0.429807692308 0.340384615385 0.0365384615385 0.0423076923077
2 0.357692307692 0.348076923077 0.0423076923077 0.0384615384615
2 0.380769230769 0.295192307692 0.0346153846154 0.0326923076923
2 0.493269230769 0.288461538462 0.0365384615385 0.0346153846154
2 0.485576923077 0.241346153846 0.0288461538462 0.0288461538462
2 0.449038461538 0.198076923077 0.0211538461538 0.0230769230769
2 0.484615384615 0.2125 0.0269230769231 0.025
