2 0.428846153846 0.3375 0.0346153846154 0.0403846153846
3 0.433653846154 0.291346153846 0.0403846153846 0.0403846153846
3 0.436538461538 0.219230769231 0.0230769230769 0.0346153846154
2 0.358653846154 0.310576923077 0.0326923076923 0.0365384615385
2 0.508653846154 0.340384615385 0.0442307692308 0.0461538461538
2 0.542307692308 0.290384615385 0.0346153846154 0.0346153846154
2 0.483653846154 0.282692307692 0.0288461538462 0.0346153846154
2 0.385576923077 0.254807692308 0.0288461538462 0.0365384615385
2 0.394230769231 0.219230769231 0.0269230769231 0.0269230769231
2 0.478846153846 0.228846153846 0.0230769230769 0.0269230769231
