2 0.163461538462 0.910576923077 0.142307692308 0.175
2 0.397115384615 0.733653846154 0.109615384615 0.151923076923
2 0.510576923077 0.416346153846 0.0480769230769 0.0557692307692
2 0.592307692308 0.416346153846 0.0576923076923 0.0557692307692
2 0.417307692308 0.398076923077 0.0538461538462 0.0615384615385
2 0.341346153846 0.390384615385 0.0519230769231 0.0576923076923
2 0.475961538462 0.270192307692 0.0365384615385 0.0326923076923
2 0.529807692308 0.264423076923 0.025 0.025
2 0.426923076923 0.289423076923 0.0307692307692 0.0365384615385
2 0.367307692308 0.285576923077 0.0346153846154 0.0326923076923
2 0.395192307692 0.228846153846 0.0288461538462 0.0269230769231
2 0.477884615385 0.225 0.0211538461538 0.0269230769231
2 0.523076923077 0.233653846154 0.0230769230769 0.025
2 0.407692307692 0.194230769231 0.0192307692308 0.0230769230769
2 0.45 0.196153846154 0.0192307692308 0.0230769230769
2 0.514423076923 0.191346153846 0.025 0.025
