2 0.397115384615 0.869230769231 0.109615384615 0.15
2 0.556730769231 0.725961538462 0.0980769230769 0.117307692308
2 0.289423076923 0.525961538462 0.0788461538462 0.0980769230769
2 0.435576923077 0.376923076923 0.0480769230769 0.0461538461538
2 0.564423076923 0.340384615385 0.0403846153846 0.0461538461538
2 0.494230769231 0.332692307692 0.0423076923077 0.0423076923077
2 0.346153846154 0.351923076923 0.0461538461538 0.05
2 0.429807692308 0.286538461538 0.0365384615385 0.0307692307692
2 0.386538461538 0.257692307692 0.0307692307692 0.0269230769231
2 0.442307692308 0.208653846154 0.0230769230769 0.025
2 0.403846153846 0.200961538462 0.0230769230769 0.0211538461538
2 0.513461538462 0.193269230769 0.0192307692308 0.0211538461538
