3 0.234615384615 0.669230769231 0.107692307692 0.126923076923
2 0.561538461538 0.671153846154 0.0923076923077 0.111538461538
2 0.328846153846 0.451923076923 0.0538461538462 0.0653846153846
2 0.421153846154 0.385576923077 0.0461538461538 0.0557692307692
2 0.355769230769 0.323076923077 0.0423076923077 0.05
2 0.550961538462 0.307692307692 0.0442307692308 0.0461538461538
2 0.373076923077 0.274038461538 0.0269230769231 0.0365384615385
2 0.483653846154 0.258653846154 0.0288461538462 0.0326923076923
2 0.433653846154 0.255769230769 0.0326923076923 0.0384615384615
2 0.382692307692 0.236538461538 0.0269230769231 0.0307692307692
2 0.435576923077 0.205769230769 0.025 0.0269230769231
