2 0.776923076923 0.901923076923 0.142307692308 0.176923076923
2 0.371153846154 0.754807692308 0.0923076923077 0.136538461538
3 0.536538461538 0.65 0.111538461538 0.184615384615
2 0.326923076923 0.372115384615 0.05 0.0480769230769
2 0.533653846154 0.313461538462 0.0403846153846 0.0423076923077
2 0.415384615385 0.294230769231 0.0423076923077 0.0423076923077
2 0.444230769231 0.232692307692 0.0269230769231 0.0269230769231
2 0.499038461538 0.211538461538 0.0211538461538 0.0269230769231
2 0.385576923077 0.209615384615 0.0211538461538 0.0307692307692
2 0.425 0.2 0.0192307692308 0.0269230769231
