2 0.388461538462 0.808653846154 0.111538461538 0.159615384615
2 0.25 0.632692307692 0.107692307692 0.130769230769
2 0.667307692308 0.600961538462 0.103846153846 0.109615384615
2 0.319230769231 0.447115384615 0.0653846153846 0.0673076923077
2 0.503846153846 0.369230769231 0.0576923076923 0.0538461538462
2 0.425961538462 0.353846153846 0.0480769230769 0.0538461538462
2 0.349038461538 0.339423076923 0.0480769230769 0.0480769230769
2 0.425961538462 0.255769230769 0.0326923076923 0.0384615384615
2 0.379807692308 0.239423076923 0.0326923076923 0.0365384615385
2 0.475961538462 0.200961538462 0.0211538461538 0.025
2 0.438461538462 0.217307692308 0.0269230769231 0.0307692307692
2 0.395192307692 0.202884615385 0.025 0.025
