2 0.597115384615 0.793269230769 0.105769230769 0.144230769231
2 0.642307692308 0.504807692308 0.0769230769231 0.0903846153846
2 0.416346153846 0.577884615385 0.0711538461538 0.0865384615385
2 0.318269230769 0.417307692308 0.0557692307692 0.0653846153846
2 0.425 0.339423076923 0.0346153846154 0.0365384615385
2 0.490384615385 0.319230769231 0.0346153846154 0.0346153846154
2 0.361538461538 0.324038461538 0.0384615384615 0.0365384615385
2 0.379807692308 0.264423076923 0.0365384615385 0.0326923076923
2 0.439423076923 0.239423076923 0.025 0.025
2 0.525 0.238461538462 0.0269230769231 0.0269230769231
2 0.393269230769 0.224038461538 0.025 0.025
2 0.484615384615 0.224038461538 0.0230769230769 0.025
2 0.416346153846 0.188461538462 0.0211538461538 0.0192307692308
2 0.443269230769 0.205769230769 0.0211538461538 0.0230769230769
