2 0.565384615385 0.750961538462 0.103846153846 0.136538461538
2 0.780769230769 0.870192307692 0.126923076923 0.148076923077
2 0.161538461538 0.936538461538 0.146153846154 0.123076923077
2 0.4 0.619230769231 0.0769230769231 0.0961538461538
2 0.506730769231 0.426923076923 0.0519230769231 0.0576923076923
2 0.346153846154 0.381730769231 0.05 0.0480769230769
5 0.520192307692 0.217307692308 0.0480769230769 0.0923076923077
2 0.433653846154 0.255769230769 0.025 0.0269230769231
2 0.396153846154 0.219230769231 0.0230769230769 0.0230769230769
2 0.475961538462 0.225961538462 0.025 0.0211538461538
2 0.408653846154 0.190384615385 0.0211538461538 0.0192307692308
2 0.458653846154 0.175 0.0173076923077 0.0192307692308
