3 0.625 0.478846153846 0.0576923076923 0.0884615384615
2 0.340384615385 0.374038461538 0.0461538461538 0.0519230769231
2 0.365384615385 0.3125 0.0384615384615 0.0403846153846
3 0.523076923077 0.255769230769 0.0307692307692 0.0346153846154
2 0.474038461538 0.272115384615 0.0288461538462 0.0288461538462
2 0.421153846154 0.281730769231 0.0346153846154 0.0326923076923
2 0.373076923077 0.260576923077 0.0307692307692 0.0288461538462
2 0.392307692308 0.217307692308 0.0230769230769 0.0269230769231
2 0.440384615385 0.214423076923 0.0230769230769 0.0211538461538
2 0.446153846154 0.186538461538 0.0192307692308 0.0192307692308
2 0.506730769231 0.190384615385 0.0173076923077 0.0230769230769
