2 0.742307692308 0.742307692308 0.107692307692 0.130769230769
2 0.259615384615 0.642307692308 0.0923076923077 0.107692307692
2 0.533653846154 0.608653846154 0.0788461538462 0.0865384615385
2 0.338461538462 0.414423076923 0.0538461538462 0.0634615384615
2 0.416346153846 0.328846153846 0.0442307692308 0.05
2 0.494230769231 0.3375 0.0423076923077 0.0519230769231
2 0.360576923077 0.288461538462 0.0326923076923 0.0346153846154
2 0.375961538462 0.257692307692 0.0288461538462 0.0384615384615
2 0.425 0.231730769231 0.0269230769231 0.025
3 0.3875 0.215384615385 0.0288461538462 0.0307692307692
2 0.505769230769 0.192307692308 0.0192307692308 0.0269230769231
2 0.472115384615 0.189423076923 0.0211538461538 0.0211538461538
2 0.504807692308 0.170192307692 0.0211538461538 0.0134615384615
