2 0.211538461538 0.793269230769 0.115384615385 0.140384615385
6 0.5 0.434615384615 0.0538461538462 0.0923076923077
1 0.366346153846 0.352884615385 0.0288461538462 0.0480769230769
2 0.425 0.363461538462 0.0461538461538 0.0615384615385
3 0.55 0.303846153846 0.05 0.0653846153846
2 0.365384615385 0.293269230769 0.0384615384615 0.0326923076923
2 0.4375 0.268269230769 0.0326923076923 0.0288461538462
2 0.484615384615 0.250961538462 0.0269230769231 0.0288461538462
2 0.393269230769 0.227884615385 0.025 0.025
2 0.442307692308 0.199038461538 0.0192307692308 0.025
2 0.514423076923 0.206730769231 0.0211538461538 0.0211538461538
