3 0.428846153846 0.292307692308 0.0346153846154 0.05
3 0.4125 0.486538461538 0.0596153846154 0.0769230769231
2 0.411538461538 0.640384615385 0.0807692307692 0.0961538461538
2 0.252884615385 0.609615384615 0.0942307692308 0.1
2 0.561538461538 0.600961538462 0.0846153846154 0.101923076923
2 0.6 0.431730769231 0.0615384615385 0.0557692307692
2 0.505769230769 0.425961538462 0.0461538461538 0.0519230769231
2 0.340384615385 0.390384615385 0.0576923076923 0.0538461538462
2 0.357692307692 0.310576923077 0.0384615384615 0.0365384615385
2 0.488461538462 0.3125 0.0384615384615 0.0403846153846
2 0.398076923077 0.236538461538 0.0307692307692 0.0307692307692
2 0.442307692308 0.227884615385 0.0230769230769 0.0288461538462
2 0.479807692308 0.209615384615 0.025 0.0230769230769
2 0.420192307692 0.186538461538 0.0173076923077 0.0230769230769
2 0.515384615385 0.188461538462 0.0192307692308 0.0230769230769
