2 0.225 0.697115384615 0.111538461538 0.121153846154
2 0.406730769231 0.596153846154 0.0788461538462 0.1
2 0.502884615385 0.474038461538 0.0634615384615 0.0711538461538
2 0.584615384615 0.416346153846 0.05 0.0557692307692
2 0.343269230769 0.393269230769 0.0480769230769 0.0519230769231
2 0.490384615385 0.342307692308 0.0346153846154 0.0423076923077
2 0.369230769231 0.275961538462 0.0346153846154 0.0365384615385
2 0.434615384615 0.267307692308 0.0269230769231 0.0307692307692
2 0.526923076923 0.247115384615 0.0269230769231 0.0288461538462
2 0.440384615385 0.209615384615 0.0230769230769 0.0230769230769
2 0.483653846154 0.211538461538 0.0211538461538 0.0192307692308
2 0.410576923077 0.2 0.0173076923077 0.0192307692308
