2 0.191346153846 0.773076923077 0.125 0.146153846154
2 0.526923076923 0.586538461538 0.0769230769231 0.0884615384615
2 0.414423076923 0.505769230769 0.0634615384615 0.0692307692308
2 0.575 0.397115384615 0.0538461538462 0.0480769230769
2 0.374038461538 0.300961538462 0.0326923076923 0.0326923076923
2 0.434615384615 0.261538461538 0.0307692307692 0.0307692307692
2 0.394230769231 0.230769230769 0.0269230769231 0.0307692307692
2 0.434615384615 0.215384615385 0.0230769230769 0.0269230769231
2 0.523076923077 0.214423076923 0.0230769230769 0.025
2 0.484615384615 0.210576923077 0.0230769230769 0.0211538461538
2 0.450961538462 0.200961538462 0.0173076923077 0.025
