2 0.4125 0.674038461538 0.0826923076923 0.105769230769
2 0.511538461538 0.464423076923 0.0615384615385 0.0596153846154
2 0.336538461538 0.391346153846 0.05 0.0519230769231
2 0.429807692308 0.310576923077 0.0365384615385 0.0403846153846
2 0.484615384615 0.298076923077 0.0346153846154 0.0346153846154
2 0.55 0.293269230769 0.0346153846154 0.0365384615385
2 0.516346153846 0.225 0.025 0.0269230769231
2 0.442307692308 0.233653846154 0.0230769230769 0.025
2 0.410576923077 0.202884615385 0.025 0.025
2 0.481730769231 0.200961538462 0.0173076923077 0.0211538461538
2 0.424038461538 0.172115384615 0.0173076923077 0.0173076923077
2 0.456730769231 0.175961538462 0.0173076923077 0.0211538461538
