2 0.417307692308 0.800961538462 0.1 0.140384615385
2 0.404807692308 0.489423076923 0.0634615384615 0.0711538461538
4 0.519230769231 0.366346153846 0.0807692307692 0.159615384615
2 0.578846153846 0.350961538462 0.0384615384615 0.0442307692308
2 0.354807692308 0.359615384615 0.0442307692308 0.0461538461538
2 0.430769230769 0.317307692308 0.0384615384615 0.0423076923077
2 0.384615384615 0.284615384615 0.0346153846154 0.0346153846154
2 0.439423076923 0.254807692308 0.0288461538462 0.025
2 0.396153846154 0.243269230769 0.0269230769231 0.0288461538462
2 0.491346153846 0.228846153846 0.025 0.0269230769231
2 0.409615384615 0.217307692308 0.0230769230769 0.0230769230769
