2 0.581730769231 0.853846153846 0.121153846154 0.161538461538
2 0.709615384615 0.720192307692 0.119230769231 0.117307692308
2 0.402884615385 0.573076923077 0.0826923076923 0.0884615384615
2 0.324038461538 0.475 0.0673076923077 0.0730769230769
2 0.428846153846 0.308653846154 0.0423076923077 0.0442307692308
2 0.364423076923 0.310576923077 0.0403846153846 0.0365384615385
2 0.529807692308 0.256730769231 0.0288461538462 0.0288461538462
2 0.4875 0.246153846154 0.0288461538462 0.0307692307692
2 0.434615384615 0.238461538462 0.0307692307692 0.0307692307692
2 0.396153846154 0.227884615385 0.0269230769231 0.0288461538462
2 0.441346153846 0.201923076923 0.025 0.0230769230769
2 0.408653846154 0.199038461538 0.025 0.025
