2 0.246153846154 0.653846153846 0.0923076923077 0.107692307692
2 0.396153846154 0.636538461538 0.0846153846154 0.107692307692
2 0.555769230769 0.595192307692 0.0730769230769 0.0903846153846
2 0.429807692308 0.463461538462 0.0557692307692 0.0615384615385
2 0.338461538462 0.369230769231 0.0461538461538 0.0461538461538
2 0.425 0.371153846154 0.0461538461538 0.0461538461538
2 0.504807692308 0.331730769231 0.0442307692308 0.0442307692308
2 0.546153846154 0.274038461538 0.0307692307692 0.0326923076923
2 0.434615384615 0.3 0.0346153846154 0.0346153846154
2 0.384615384615 0.241346153846 0.0269230769231 0.0288461538462
2 0.478846153846 0.220192307692 0.0230769230769 0.0211538461538
2 0.443269230769 0.228846153846 0.025 0.0269230769231
2 0.415384615385 0.195192307692 0.0192307692308 0.0211538461538
2 0.515384615385 0.193269230769 0.0192307692308 0.0211538461538
2 0.452884615385 0.186538461538 0.0173076923077 0.0192307692308
2 0.4875 0.182692307692 0.0173076923077 0.0192307692308
