3 0.410576923077 0.496153846154 0.0634615384615 0.1
2 0.261538461538 0.580769230769 0.0807692307692 0.0923076923077
2 0.527884615385 0.510576923077 0.0711538461538 0.0788461538462
2 0.3625 0.340384615385 0.0403846153846 0.0461538461538
2 0.434615384615 0.306730769231 0.0346153846154 0.0326923076923
2 0.485576923077 0.268269230769 0.0326923076923 0.0326923076923
2 0.396153846154 0.235576923077 0.0269230769231 0.0288461538462
2 0.525961538462 0.220192307692 0.025 0.025
2 0.443269230769 0.213461538462 0.0211538461538 0.0230769230769
2 0.478846153846 0.211538461538 0.0230769230769 0.0192307692308
2 0.825961538462 0.951923076923 0.155769230769 0.0923076923077
2 0.594230769231 0.965384615385 0.115384615385 0.0653846153846
