2 0.418269230769 0.353846153846 0.0480769230769 0.05
2 0.325 0.397115384615 0.05 0.0480769230769
2 0.486538461538 0.335576923077 0.0384615384615 0.0365384615385
2 0.371153846154 0.293269230769 0.0307692307692 0.0326923076923
6 0.478846153846 0.257692307692 0.0307692307692 0.0423076923077
3 0.517307692308 0.2125 0.0307692307692 0.0365384615385
2 0.439423076923 0.230769230769 0.0211538461538 0.0307692307692
1 0.405769230769 0.215384615385 0.0153846153846 0.0346153846154
2 0.440384615385 0.198076923077 0.0230769230769 0.0192307692308
2 0.481730769231 0.196153846154 0.0173076923077 0.0230769230769
