2 0.185576923077 0.822115384615 0.125 0.163461538462
2 0.624038461538 0.499038461538 0.0711538461538 0.0596153846154
2 0.515384615385 0.430769230769 0.0576923076923 0.0538461538462
2 0.336538461538 0.404807692308 0.0461538461538 0.0557692307692
2 0.425961538462 0.323076923077 0.0365384615385 0.0346153846154
2 0.404807692308 0.200961538462 0.025 0.025
2 0.478846153846 0.207692307692 0.0230769230769 0.0230769230769
2 0.448076923077 0.200961538462 0.0192307692308 0.025
2 0.520192307692 0.184615384615 0.0173076923077 0.0230769230769
2 0.371153846154 0.942307692308 0.115384615385 0.111538461538
