5 0.752884615385 0.6875 0.290384615385 0.501923076923
2 0.273076923077 0.549038461538 0.0769230769231 0.0903846153846
2 0.325961538462 0.428846153846 0.0557692307692 0.0538461538462
2 0.429807692308 0.400961538462 0.0480769230769 0.0519230769231
2 0.428846153846 0.222115384615 0.0269230769231 0.0288461538462
2 0.383653846154 0.230769230769 0.025 0.0230769230769
2 0.407692307692 0.198076923077 0.0230769230769 0.0230769230769
2 0.476923076923 0.223076923077 0.0192307692308 0.0230769230769
2 0.452884615385 0.180769230769 0.0173076923077 0.0230769230769
3 0.5125 0.174038461538 0.0211538461538 0.0326923076923
2 0.589423076923 0.939423076923 0.121153846154 0.117307692308
