2 0.414423076923 0.828846153846 0.105769230769 0.173076923077
2 0.568269230769 0.475 0.0519230769231 0.0692307692308
2 0.645192307692 0.426923076923 0.0519230769231 0.0576923076923
2 0.493269230769 0.453846153846 0.0403846153846 0.0615384615385
2 0.408653846154 0.469230769231 0.0519230769231 0.0653846153846
2 0.613461538462 0.332692307692 0.0307692307692 0.0461538461538
2 0.560576923077 0.329807692308 0.0288461538462 0.0365384615385
2 0.471153846154 0.308653846154 0.0346153846154 0.0365384615385
2 0.521153846154 0.286538461538 0.0269230769231 0.0307692307692
2 0.551923076923 0.292307692308 0.0269230769231 0.0307692307692
2 0.588461538462 0.2875 0.0230769230769 0.025
