2 0.585576923077 0.578846153846 0.0711538461538 0.0961538461538
2 0.334615384615 0.688461538462 0.0923076923077 0.115384615385
2 0.565384615385 0.363461538462 0.0423076923077 0.0423076923077
2 0.505769230769 0.327884615385 0.0346153846154 0.0442307692308
2 0.565384615385 0.325961538462 0.0307692307692 0.0365384615385
2 0.604807692308 0.3125 0.0326923076923 0.0403846153846
2 0.558653846154 0.284615384615 0.0288461538462 0.0269230769231
2 0.539423076923 0.268269230769 0.0211538461538 0.0326923076923
5 0.491346153846 0.213461538462 0.0288461538462 0.0538461538462
2 0.490384615385 0.254807692308 0.0192307692308 0.025
