2 0.593269230769 0.7125 0.0942307692308 0.132692307692
2 0.693269230769 0.577884615385 0.075 0.109615384615
2 0.578846153846 0.565384615385 0.0615384615385 0.0884615384615
2 0.473076923077 0.525961538462 0.0615384615385 0.0980769230769
2 0.574038461538 0.401923076923 0.0403846153846 0.0576923076923
2 0.550961538462 0.352884615385 0.0365384615385 0.0519230769231
2 0.614423076923 0.335576923077 0.0365384615385 0.0442307692308
2 0.473076923077 0.313461538462 0.0307692307692 0.0346153846154
5 0.477884615385 0.243269230769 0.0403846153846 0.0673076923077
2 0.541346153846 0.279807692308 0.025 0.0326923076923
