2 0.605769230769 0.684615384615 0.0807692307692 0.138461538462
2 0.357692307692 0.601923076923 0.0807692307692 0.107692307692
2 0.696153846154 0.563461538462 0.0730769230769 0.0846153846154
2 0.572115384615 0.468269230769 0.0557692307692 0.0673076923077
2 0.650961538462 0.461538461538 0.0480769230769 0.0615384615385
2 0.497115384615 0.466346153846 0.0519230769231 0.0673076923077
2 0.567307692308 0.348076923077 0.0346153846154 0.0461538461538
2 0.520192307692 0.288461538462 0.0288461538462 0.0307692307692
2 0.559615384615 0.309615384615 0.0307692307692 0.0346153846154
2 0.480769230769 0.300961538462 0.0230769230769 0.0326923076923
