2 0.7625 0.788461538462 0.125 0.157692307692
2 0.583653846154 0.710576923077 0.0903846153846 0.128846153846
2 0.708653846154 0.625961538462 0.0865384615385 0.101923076923
2 0.502884615385 0.376923076923 0.0403846153846 0.0461538461538
2 0.591346153846 0.289423076923 0.025 0.0288461538462
2 0.552884615385 0.315384615385 0.0326923076923 0.0346153846154
2 0.506730769231 0.320192307692 0.025 0.0365384615385
2 0.475 0.304807692308 0.0230769230769 0.0326923076923
2 0.488461538462 0.253846153846 0.0230769230769 0.0230769230769
2 0.55 0.267307692308 0.0269230769231 0.0307692307692
