2 0.397115384615 0.640384615385 0.0826923076923 0.123076923077
2 0.654807692308 0.534615384615 0.0711538461538 0.0884615384615
2 0.536538461538 0.269230769231 0.0346153846154 0.0461538461538
2 0.376923076923 0.215384615385 0.0307692307692 0.0307692307692
2 0.422115384615 0.193269230769 0.0211538461538 0.025
2 0.448076923077 0.209615384615 0.0192307692308 0.0307692307692
2 0.468269230769 0.179807692308 0.0211538461538 0.0211538461538
2 0.493269230769 0.153846153846 0.0211538461538 0.0230769230769
2 0.430769230769 0.135576923077 0.0153846153846 0.0211538461538
2 0.399038461538 0.135576923077 0.0173076923077 0.0173076923077
