2 0.379807692308 0.581730769231 0.075 0.113461538462
2 0.218269230769 0.592307692308 0.0903846153846 0.107692307692
2 0.481730769231 0.411538461538 0.0557692307692 0.0653846153846
2 0.371153846154 0.383653846154 0.05 0.0596153846154
2 0.3875 0.309615384615 0.0403846153846 0.05
2 0.459615384615 0.273076923077 0.0384615384615 0.0384615384615
2 0.340384615385 0.260576923077 0.0346153846154 0.0365384615385
2 0.3625 0.201923076923 0.0288461538462 0.0307692307692
2 0.447115384615 0.174038461538 0.0211538461538 0.025
2 0.375961538462 0.1625 0.0173076923077 0.025
2 0.407692307692 0.143269230769 0.0192307692308 0.025
3 0.399038461538 0.225961538462 0.0326923076923 0.0403846153846
3 0.455769230769 0.233653846154 0.0346153846154 0.0365384615385
