2 0.435576923077 0.124038461538 0.0173076923077 0.0211538461538
2 0.492307692308 0.153846153846 0.0192307692308 0.0230769230769
2 0.388461538462 0.180769230769 0.0269230769231 0.0307692307692
2 0.435576923077 0.176923076923 0.025 0.0346153846154
2 0.513461538462 0.198076923077 0.0269230769231 0.0346153846154
2 0.482692307692 0.250961538462 0.0307692307692 0.0403846153846
2 0.421153846154 0.283653846154 0.0346153846154 0.0442307692308
2 0.470192307692 0.313461538462 0.0365384615385 0.0538461538462
2 0.331730769231 0.375961538462 0.0519230769231 0.0596153846154
2 0.610576923077 0.482692307692 0.0711538461538 0.0846153846154
