6 0.479807692308 0.161538461538 0.0211538461538 0.0307692307692
2 0.440384615385 0.147115384615 0.0153846153846 0.0173076923077
2 0.415384615385 0.172115384615 0.0269230769231 0.025
2 0.370192307692 0.204807692308 0.025 0.0288461538462
2 0.415384615385 0.215384615385 0.0269230769231 0.0269230769231
2 0.473076923077 0.332692307692 0.0384615384615 0.0461538461538
2 0.411538461538 0.3375 0.0384615384615 0.0480769230769
2 0.384615384615 0.464423076923 0.0615384615385 0.0711538461538
2 0.251923076923 0.497115384615 0.0769230769231 0.0865384615385
2 0.351923076923 0.839423076923 0.107692307692 0.136538461538
