2 0.758653846154 0.9 0.140384615385 0.161538461538
2 0.375 0.490384615385 0.0653846153846 0.0807692307692
2 0.309615384615 0.340384615385 0.0461538461538 0.0538461538462
2 0.401923076923 0.242307692308 0.0307692307692 0.0384615384615
2 0.395192307692 0.197115384615 0.025 0.0288461538462
2 0.344230769231 0.225 0.0346153846154 0.0384615384615
2 0.45 0.213461538462 0.0346153846154 0.0269230769231
2 0.447115384615 0.175961538462 0.0211538461538 0.025
3 0.404807692308 0.149038461538 0.0211538461538 0.025
2 0.368269230769 0.156730769231 0.0173076923077 0.0211538461538
