3 0.4125 0.117307692308 0.0173076923077 0.0230769230769
2 0.438461538462 0.117307692308 0.0192307692308 0.0192307692308
2 0.483653846154 0.120192307692 0.0134615384615 0.0211538461538
2 0.441346153846 0.161538461538 0.0211538461538 0.0307692307692
2 0.510576923077 0.196153846154 0.025 0.0307692307692
2 0.545192307692 0.284615384615 0.0403846153846 0.0461538461538
2 0.430769230769 0.248076923077 0.0346153846154 0.0384615384615
2 0.365384615385 0.275 0.0346153846154 0.0461538461538
2 0.510576923077 0.418269230769 0.0557692307692 0.0634615384615
2 0.402884615385 0.546153846154 0.0711538461538 0.0923076923077
2 0.520192307692 0.653846153846 0.0865384615385 0.115384615385
