3 0.386538461538 0.336538461538 0.0423076923077 0.0615384615385
3 0.481730769231 0.353846153846 0.0480769230769 0.0653846153846
2 0.349038461538 0.686538461538 0.0865384615385 0.130769230769
2 0.256730769231 0.523076923077 0.0711538461538 0.0846153846154
2 0.482692307692 0.438461538462 0.0615384615385 0.0692307692308
2 0.329807692308 0.298076923077 0.0442307692308 0.0538461538462
2 0.455769230769 0.228846153846 0.0230769230769 0.0307692307692
2 0.354807692308 0.218269230769 0.025 0.0326923076923
2 0.427884615385 0.197115384615 0.025 0.0288461538462
2 0.402884615385 0.178846153846 0.0211538461538 0.0230769230769
