6 0.4625 0.0942307692308 0.0173076923077 0.0307692307692
4 0.4375 0.0894230769231 0.0173076923077 0.0288461538462
2 0.439423076923 0.117307692308 0.0134615384615 0.0153846153846
2 0.465384615385 0.124038461538 0.0153846153846 0.0173076923077
2 0.344230769231 0.730769230769 0.1 0.138461538462
2 0.415384615385 0.130769230769 0.0153846153846 0.0230769230769
2 0.405769230769 0.368269230769 0.05 0.0596153846154
2 0.374038461538 0.171153846154 0.025 0.0230769230769
2 0.418269230769 0.175 0.0173076923077 0.0269230769231
2 0.488461538462 0.233653846154 0.0307692307692 0.0403846153846
