3 0.595192307692 0.606730769231 0.113461538462 0.201923076923
3 0.448076923077 0.504807692308 0.0730769230769 0.105769230769
2 0.475961538462 0.306730769231 0.0442307692308 0.0442307692308
2 0.478846153846 0.224038461538 0.0307692307692 0.0403846153846
2 0.486538461538 0.190384615385 0.0269230769231 0.0269230769231
2 0.453846153846 0.136538461538 0.0230769230769 0.0230769230769
2 0.4875 0.154807692308 0.0211538461538 0.025
2 0.521153846154 0.136538461538 0.0230769230769 0.0230769230769
5 0.610576923077 0.205769230769 0.0596153846154 0.126923076923
5 0.563461538462 0.124038461538 0.0307692307692 0.0673076923077
