2 0.431730769231 0.709615384615 0.109615384615 0.138461538462
2 0.457692307692 0.360576923077 0.05 0.0557692307692
2 0.4 0.297115384615 0.0461538461538 0.0519230769231
2 0.553846153846 0.296153846154 0.0423076923077 0.0423076923077
2 0.478846153846 0.143269230769 0.0192307692308 0.025
2 0.521153846154 0.186538461538 0.0269230769231 0.0307692307692
5 0.580769230769 0.147115384615 0.0423076923077 0.0788461538462
5 0.560576923077 0.111538461538 0.0326923076923 0.0615384615385
5 0.615384615385 0.211538461538 0.0653846153846 0.123076923077
5 0.847115384615 0.693269230769 0.301923076923 0.578846153846
