3 0.829807692308 0.800961538462 0.205769230769 0.298076923077
2 0.277884615385 0.580769230769 0.0942307692308 0.111538461538
2 0.552884615385 0.341346153846 0.0480769230769 0.0557692307692
2 0.489423076923 0.226923076923 0.0365384615385 0.0384615384615
2 0.467307692308 0.3 0.05 0.05
2 0.486538461538 0.158653846154 0.0230769230769 0.0288461538462
5 0.701923076923 0.382692307692 0.15 0.273076923077
3 0.560576923077 0.243269230769 0.0480769230769 0.075
3 0.434615384615 0.208653846154 0.0346153846154 0.0442307692308
4 0.592307692308 0.183653846154 0.0576923076923 0.0865384615385
