2 0.600961538462 0.747115384615 0.113461538462 0.144230769231
2 0.411538461538 0.542307692308 0.0807692307692 0.0961538461538
3 0.380769230769 0.342307692308 0.0615384615385 0.0692307692308
3 0.589423076923 0.388461538462 0.0711538461538 0.130769230769
2 0.477884615385 0.339423076923 0.0596153846154 0.0557692307692
4 0.628846153846 0.258653846154 0.0846153846154 0.132692307692
2 0.485576923077 0.2125 0.0288461538462 0.0365384615385
2 0.484615384615 0.118269230769 0.0192307692308 0.0211538461538
2 0.518269230769 0.113461538462 0.0211538461538 0.0230769230769
5 0.868269230769 0.733653846154 0.251923076923 0.528846153846
