2 0.470192307692 0.353846153846 0.0557692307692 0.0769230769231
2 0.411538461538 0.667307692308 0.107692307692 0.126923076923
2 0.590384615385 0.597115384615 0.0884615384615 0.113461538462
2 0.727884615385 0.506730769231 0.0865384615385 0.0865384615385
2 0.549038461538 0.256730769231 0.0403846153846 0.0403846153846
2 0.614423076923 0.232692307692 0.0365384615385 0.0384615384615
3 0.531730769231 0.151923076923 0.0288461538462 0.0346153846154
2 0.486538461538 0.208653846154 0.0346153846154 0.0365384615385
2 0.480769230769 0.155769230769 0.0269230769231 0.0307692307692
2 0.478846153846 0.106730769231 0.0192307692308 0.0173076923077
5 0.5375 0.0788461538462 0.025 0.05
