3 0.627884615385 0.3625 0.075 0.0903846153846
5 0.629807692308 0.236538461538 0.0903846153846 0.142307692308
2 0.447115384615 0.446153846154 0.0711538461538 0.0769230769231
2 0.403846153846 0.282692307692 0.0384615384615 0.0423076923077
2 0.541346153846 0.226923076923 0.0326923076923 0.0384615384615
2 0.482692307692 0.209615384615 0.0307692307692 0.0384615384615
2 0.490384615385 0.171153846154 0.0307692307692 0.0307692307692
2 0.485576923077 0.125961538462 0.0211538461538 0.0211538461538
3 0.453846153846 0.150961538462 0.0269230769231 0.0326923076923
3 0.541346153846 0.173076923077 0.0365384615385 0.0538461538462
4 0.569230769231 0.141346153846 0.05 0.0634615384615
