5 0.528846153846 0.0692307692308 0.0192307692308 0.0423076923077
3 0.523076923077 0.122115384615 0.0230769230769 0.0326923076923
2 0.483653846154 0.123076923077 0.0211538461538 0.0230769230769
2 0.490384615385 0.157692307692 0.0269230769231 0.0307692307692
2 0.5375 0.183653846154 0.0326923076923 0.0326923076923
2 0.588461538462 0.175961538462 0.0269230769231 0.0288461538462
2 0.4875 0.219230769231 0.0365384615385 0.0461538461538
2 0.624038461538 0.278846153846 0.0480769230769 0.0461538461538
2 0.550961538462 0.307692307692 0.0519230769231 0.05
2 0.468269230769 0.300961538462 0.0519230769231 0.0480769230769
2 0.447115384615 0.480769230769 0.0711538461538 0.0807692307692
