5 0.734615384615 0.432692307692 0.176923076923 0.284615384615
2 0.476923076923 0.249038461538 0.0423076923077 0.0442307692308
2 0.486538461538 0.186538461538 0.0269230769231 0.0307692307692
2 0.486538461538 0.150961538462 0.0230769230769 0.0211538461538
2 0.532692307692 0.144230769231 0.0269230769231 0.0269230769231
2 0.449038461538 0.144230769231 0.0211538461538 0.0269230769231
2 0.455769230769 0.1125 0.0192307692308 0.025
3 0.532692307692 0.0855769230769 0.0230769230769 0.0211538461538
3 0.486538461538 0.105769230769 0.0153846153846 0.0230769230769
2 0.515384615385 0.1 0.0192307692308 0.0192307692308
