3 0.521153846154 0.1125 0.0269230769231 0.0365384615385
2 0.467307692308 0.408653846154 0.0615384615385 0.0711538461538
2 0.494230769231 0.130769230769 0.0230769230769 0.0230769230769
2 0.489423076923 0.153846153846 0.0211538461538 0.0230769230769
2 0.443269230769 0.170192307692 0.0288461538462 0.0288461538462
2 0.875961538462 0.743269230769 0.144230769231 0.140384615385
2 0.684615384615 0.339423076923 0.0615384615385 0.0596153846154
6 0.551923076923 0.25 0.0615384615385 0.0961538461538
6 0.682692307692 0.358653846154 0.0961538461538 0.121153846154
6 0.868269230769 0.745192307692 0.217307692308 0.267307692308
