3 0.520192307692 0.121153846154 0.0173076923077 0.0269230769231
3 0.513461538462 0.0980769230769 0.0192307692308 0.0346153846154
3 0.483653846154 0.0990384615385 0.0211538461538 0.025
2 0.630769230769 0.6875 0.115384615385 0.121153846154
2 0.4875 0.129807692308 0.0211538461538 0.0211538461538
2 0.624038461538 0.2625 0.0480769230769 0.0403846153846
2 0.5375 0.148076923077 0.0288461538462 0.0269230769231
2 0.481730769231 0.192307692308 0.0288461538462 0.0269230769231
2 0.527884615385 0.178846153846 0.0288461538462 0.0307692307692
2 0.546153846154 0.229807692308 0.0346153846154 0.0365384615385
