2 0.772115384615 0.627884615385 0.121153846154 0.136538461538
2 0.468269230769 0.320192307692 0.0480769230769 0.0442307692308
2 0.582692307692 0.425961538462 0.0653846153846 0.0673076923077
2 0.539423076923 0.271153846154 0.0403846153846 0.0384615384615
2 0.548076923077 0.210576923077 0.0346153846154 0.0365384615385
2 0.481730769231 0.181730769231 0.0288461538462 0.0288461538462
2 0.457692307692 0.1 0.0192307692308 0.0192307692308
3 0.5375 0.157692307692 0.0288461538462 0.0346153846154
3 0.490384615385 0.127884615385 0.0230769230769 0.025
3 0.516346153846 0.127884615385 0.025 0.0365384615385
