3 0.55 0.267307692308 0.0423076923077 0.05
2 0.354807692308 0.881730769231 0.148076923077 0.171153846154
2 0.638461538462 0.867307692308 0.146153846154 0.176923076923
2 0.264423076923 0.6125 0.101923076923 0.0980769230769
2 0.596153846154 0.523076923077 0.0807692307692 0.0846153846154
2 0.473076923077 0.220192307692 0.0346153846154 0.0365384615385
2 0.606730769231 0.223076923077 0.0326923076923 0.0346153846154
2 0.536538461538 0.1875 0.0269230769231 0.0326923076923
2 0.515384615385 0.120192307692 0.0230769230769 0.0211538461538
2 0.556730769231 0.118269230769 0.025 0.025
