2 0.441346153846 0.149038461538 0.0134615384615 0.0173076923077
2 0.491346153846 0.143269230769 0.0173076923077 0.0288461538462
2 0.484615384615 0.174038461538 0.0230769230769 0.025
2 0.532692307692 0.194230769231 0.0307692307692 0.0269230769231
2 0.584615384615 0.190384615385 0.0307692307692 0.0307692307692
2 0.546153846154 0.295192307692 0.0461538461538 0.0480769230769
2 0.649038461538 0.307692307692 0.0480769230769 0.05
3 0.444230769231 0.594230769231 0.0923076923077 0.126923076923
3 0.531730769231 0.149038461538 0.025 0.0288461538462
3 0.514423076923 0.103846153846 0.025 0.0269230769231
