3 0.578846153846 0.449038461538 0.0692307692308 0.0903846153846
3 0.4625 0.319230769231 0.0711538461538 0.0961538461538
3 0.473076923077 0.245192307692 0.0423076923077 0.0442307692308
3 0.509615384615 0.103846153846 0.0192307692308 0.0269230769231
2 0.401923076923 0.764423076923 0.130769230769 0.155769230769
2 0.407692307692 0.259615384615 0.0423076923077 0.0461538461538
2 0.430769230769 0.207692307692 0.0307692307692 0.0384615384615
2 0.455769230769 0.122115384615 0.0230769230769 0.025
2 0.477884615385 0.177884615385 0.0326923076923 0.0326923076923
2 0.536538461538 0.174038461538 0.0307692307692 0.0288461538462
