2 0.628846153846 0.836538461538 0.123076923077 0.157692307692
2 0.297115384615 0.524038461538 0.0903846153846 0.0903846153846
2 0.460576923077 0.545192307692 0.0865384615385 0.0942307692308
2 0.702884615385 0.4875 0.075 0.0826923076923
2 0.550961538462 0.270192307692 0.0442307692308 0.0480769230769
2 0.491346153846 0.167307692308 0.025 0.0269230769231
3 0.661538461538 0.3375 0.0730769230769 0.101923076923
3 0.484615384615 0.231730769231 0.0423076923077 0.0519230769231
3 0.471153846154 0.184615384615 0.0269230769231 0.0384615384615
4 0.523076923077 0.104807692308 0.0307692307692 0.0519230769231
