3 0.550961538462 0.209615384615 0.0365384615385 0.0384615384615
3 0.524038461538 0.139423076923 0.025 0.0326923076923
2 0.485576923077 0.207692307692 0.0288461538462 0.0346153846154
2 0.407692307692 0.235576923077 0.0307692307692 0.0403846153846
2 0.599038461538 0.685576923077 0.101923076923 0.121153846154
2 0.835576923077 0.719230769231 0.117307692308 0.130769230769
2 0.555769230769 0.309615384615 0.0538461538462 0.05
2 0.470192307692 0.281730769231 0.0365384615385 0.0442307692308
2 0.632692307692 0.284615384615 0.0461538461538 0.0461538461538
2 0.482692307692 0.176923076923 0.0307692307692 0.0269230769231
