2 0.398076923077 0.793269230769 0.115384615385 0.148076923077
2 0.640384615385 0.771153846154 0.119230769231 0.146153846154
2 0.233653846154 0.598076923077 0.0942307692308 0.103846153846
2 0.763461538462 0.577884615385 0.0961538461538 0.0980769230769
2 0.465384615385 0.382692307692 0.0538461538462 0.0730769230769
2 0.467307692308 0.296153846154 0.0423076923077 0.0423076923077
2 0.488461538462 0.147115384615 0.0192307692308 0.0173076923077
2 0.567307692308 0.145192307692 0.0230769230769 0.0288461538462
3 0.543269230769 0.198076923077 0.0403846153846 0.0461538461538
3 0.572115384615 0.364423076923 0.0557692307692 0.0673076923077
