3 0.507692307692 0.184615384615 0.0346153846154 0.0538461538462
3 0.549038461538 0.234615384615 0.0403846153846 0.0461538461538
3 0.480769230769 0.168269230769 0.0269230769231 0.0326923076923
2 0.583653846154 0.595192307692 0.0903846153846 0.101923076923
2 0.573076923077 0.352884615385 0.0576923076923 0.0673076923077
2 0.471153846154 0.285576923077 0.0461538461538 0.0519230769231
2 0.445192307692 0.170192307692 0.025 0.0326923076923
2 0.452884615385 0.140384615385 0.025 0.0269230769231
2 0.485576923077 0.123076923077 0.0173076923077 0.0192307692308
2 0.523076923077 0.125961538462 0.0192307692308 0.0211538461538
