3 0.571153846154 0.150961538462 0.0269230769231 0.0403846153846
2 0.527884615385 0.120192307692 0.0211538461538 0.0211538461538
2 0.484615384615 0.130769230769 0.0192307692308 0.0192307692308
2 0.482692307692 0.153846153846 0.0230769230769 0.0230769230769
2 0.524038461538 0.157692307692 0.025 0.0269230769231
2 0.479807692308 0.217307692308 0.0326923076923 0.0346153846154
2 0.55 0.220192307692 0.0307692307692 0.0480769230769
2 0.473076923077 0.310576923077 0.0461538461538 0.0480769230769
2 0.575 0.336538461538 0.0538461538462 0.0538461538462
2 0.377884615385 0.935576923077 0.140384615385 0.125
6 0.571153846154 0.350961538462 0.0884615384615 0.132692307692
