5 0.672115384615 0.325961538462 0.117307692308 0.225
2 0.473076923077 0.338461538462 0.05 0.0576923076923
2 0.575 0.4125 0.0576923076923 0.0634615384615
2 0.617307692308 0.595192307692 0.0884615384615 0.101923076923
2 0.439423076923 0.472115384615 0.0596153846154 0.075
2 0.404807692308 0.747115384615 0.117307692308 0.175
2 0.352884615385 0.383653846154 0.0519230769231 0.0596153846154
2 0.517307692308 0.125961538462 0.0192307692308 0.0211538461538
2 0.485576923077 0.160576923077 0.025 0.025
2 0.455769230769 0.1875 0.0230769230769 0.0288461538462
2 0.444230769231 0.156730769231 0.0230769230769 0.0288461538462
