5 0.586538461538 0.1625 0.0538461538462 0.0980769230769
2 0.910576923077 0.928846153846 0.175 0.138461538462
2 0.456730769231 0.115384615385 0.0173076923077 0.0192307692308
2 0.482692307692 0.107692307692 0.0192307692308 0.0192307692308
2 0.490384615385 0.163461538462 0.0269230769231 0.0269230769231
2 0.480769230769 0.196153846154 0.0269230769231 0.0230769230769
2 0.478846153846 0.227884615385 0.0346153846154 0.0365384615385
2 0.442307692308 0.163461538462 0.0230769230769 0.0230769230769
2 0.532692307692 0.189423076923 0.0230769230769 0.025
2 0.550961538462 0.221153846154 0.0326923076923 0.0307692307692
2 0.472115384615 0.275 0.0365384615385 0.0384615384615
2 0.556730769231 0.306730769231 0.0442307692308 0.0442307692308
2 0.390384615385 0.345192307692 0.0538461538462 0.0596153846154
2 0.677884615385 0.399038461538 0.0634615384615 0.075
2 0.593269230769 0.675 0.0980769230769 0.115384615385
2 0.407692307692 0.639423076923 0.0884615384615 0.117307692308
