3 0.470192307692 0.299038461538 0.0442307692308 0.0557692307692
5 0.558653846154 0.107692307692 0.0326923076923 0.0653846153846
2 0.570192307692 0.375961538462 0.0480769230769 0.0557692307692
2 0.613461538462 0.252884615385 0.0346153846154 0.0403846153846
2 0.582692307692 0.186538461538 0.0269230769231 0.0307692307692
2 0.536538461538 0.234615384615 0.0346153846154 0.0346153846154
2 0.477884615385 0.205769230769 0.0288461538462 0.0307692307692
2 0.531730769231 0.168269230769 0.025 0.0211538461538
2 0.444230769231 0.158653846154 0.0230769230769 0.025
2 0.484615384615 0.152884615385 0.0230769230769 0.025
2 0.524038461538 0.133653846154 0.0211538461538 0.025
