2 0.483653846154 0.1125 0.0211538461538 0.0211538461538
2 0.517307692308 0.118269230769 0.0192307692308 0.0211538461538
2 0.527884615385 0.150961538462 0.0211538461538 0.0288461538462
2 0.486538461538 0.150961538462 0.0230769230769 0.0211538461538
3 0.553846153846 0.116346153846 0.0192307692308 0.0288461538462
6 0.542307692308 0.204807692308 0.0461538461538 0.0634615384615
2 0.485576923077 0.188461538462 0.025 0.0269230769231
2 0.546153846154 0.192307692308 0.0346153846154 0.0307692307692
2 0.473076923077 0.307692307692 0.0423076923077 0.0538461538462
3 0.701923076923 0.4625 0.0884615384615 0.136538461538
