2 0.610576923077 0.595192307692 0.0826923076923 0.105769230769
2 0.502884615385 0.238461538462 0.0288461538462 0.0346153846154
2 0.575 0.175 0.0230769230769 0.0230769230769
2 0.532692307692 0.174038461538 0.0269230769231 0.025
2 0.480769230769 0.177884615385 0.0269230769231 0.025
2 0.488461538462 0.138461538462 0.0192307692308 0.0230769230769
2 0.520192307692 0.115384615385 0.0173076923077 0.0230769230769
3 0.575 0.141346153846 0.0269230769231 0.0403846153846
3 0.548076923077 0.215384615385 0.0307692307692 0.0423076923077
3 0.665384615385 0.356730769231 0.0615384615385 0.0980769230769
