2 0.614423076923 0.830769230769 0.121153846154 0.173076923077
2 0.361538461538 0.929807692308 0.153846153846 0.136538461538
2 0.449038461538 0.549038461538 0.0788461538462 0.0980769230769
2 0.584615384615 0.305769230769 0.0423076923077 0.0461538461538
2 0.488461538462 0.2125 0.0307692307692 0.0288461538462
2 0.427884615385 0.202884615385 0.0365384615385 0.0326923076923
2 0.488461538462 0.139423076923 0.0192307692308 0.0211538461538
2 0.488461538462 0.116346153846 0.0192307692308 0.0211538461538
2 0.523076923077 0.129807692308 0.0230769230769 0.0211538461538
3 0.743269230769 0.543269230769 0.105769230769 0.159615384615
