5 0.847115384615 0.675961538462 0.301923076923 0.555769230769
3 0.611538461538 0.657692307692 0.130769230769 0.215384615385
3 0.554807692308 0.117307692308 0.0211538461538 0.0307692307692
3 0.4875 0.118269230769 0.0173076923077 0.0211538461538
2 0.524038461538 0.140384615385 0.0211538461538 0.0192307692308
2 0.529807692308 0.177884615385 0.025 0.025
2 0.435576923077 0.314423076923 0.0519230769231 0.0557692307692
2 0.459615384615 0.453846153846 0.0615384615385 0.0730769230769
2 0.309615384615 0.479807692308 0.0884615384615 0.101923076923
2 0.900961538462 0.759615384615 0.155769230769 0.176923076923
2 0.847115384615 0.633653846154 0.132692307692 0.144230769231
