2 0.175 0.916346153846 0.165384615385 0.163461538462
2 0.878846153846 0.899038461538 0.184615384615 0.198076923077
2 0.595192307692 0.541346153846 0.0826923076923 0.0903846153846
2 0.547115384615 0.258653846154 0.0365384615385 0.0403846153846
2 0.483653846154 0.129807692308 0.0211538461538 0.0211538461538
2 0.458653846154 0.125 0.0173076923077 0.0192307692308
2 0.454807692308 0.145192307692 0.0211538461538 0.0211538461538
2 0.421153846154 0.227884615385 0.0346153846154 0.0365384615385
2 0.488461538462 0.219230769231 0.0346153846154 0.0346153846154
2 0.472115384615 0.276923076923 0.0365384615385 0.0384615384615
2 0.565384615385 0.321153846154 0.0423076923077 0.0461538461538
2 0.4625 0.344230769231 0.0519230769231 0.0615384615385
2 0.436538461538 0.479807692308 0.0653846153846 0.0788461538462
5 0.614423076923 0.218269230769 0.0711538461538 0.136538461538
