3 0.579807692308 0.176923076923 0.0326923076923 0.05
2 0.513461538462 0.113461538462 0.0192307692308 0.0153846153846
3 0.523076923077 0.133653846154 0.0192307692308 0.0288461538462
3 0.553846153846 0.105769230769 0.0192307692308 0.0307692307692
2 0.552884615385 0.125 0.0211538461538 0.0192307692308
2 0.488461538462 0.135576923077 0.0192307692308 0.0211538461538
2 0.541346153846 0.213461538462 0.0326923076923 0.0346153846154
2 0.572115384615 0.321153846154 0.0442307692308 0.0461538461538
2 0.475961538462 0.415384615385 0.0557692307692 0.0653846153846
2 0.8125 0.668269230769 0.101923076923 0.105769230769
