2 0.481730769231 0.172115384615 0.025 0.0288461538462
2 0.474038461538 0.203846153846 0.0326923076923 0.0346153846154
2 0.5375 0.149038461538 0.025 0.025
2 0.488461538462 0.120192307692 0.0192307692308 0.0211538461538
2 0.474038461538 0.105769230769 0.0211538461538 0.0192307692308
2 0.463461538462 0.3375 0.05 0.0519230769231
2 0.572115384615 0.333653846154 0.0519230769231 0.0673076923077
2 0.532692307692 0.213461538462 0.0346153846154 0.0346153846154
2 0.422115384615 0.670192307692 0.0903846153846 0.121153846154
2 0.673076923077 0.783653846154 0.138461538462 0.167307692308
6 0.672115384615 0.806730769231 0.201923076923 0.378846153846
3 0.590384615385 0.195192307692 0.0307692307692 0.0519230769231
