3 0.6125 0.236538461538 0.0442307692308 0.0653846153846
3 0.5625 0.120192307692 0.025 0.0365384615385
2 0.522115384615 0.136538461538 0.0211538461538 0.0230769230769
2 0.5625 0.145192307692 0.025 0.0211538461538
2 0.486538461538 0.108653846154 0.0192307692308 0.0211538461538
2 0.4875 0.134615384615 0.0211538461538 0.0230769230769
2 0.493269230769 0.173076923077 0.0211538461538 0.0269230769231
2 0.561538461538 0.313461538462 0.0461538461538 0.05
2 0.636538461538 0.656730769231 0.1 0.121153846154
3 0.533653846154 0.165384615385 0.0288461538462 0.0346153846154
