2 0.661538461538 0.923076923077 0.123076923077 0.15
2 0.679807692308 0.4 0.0634615384615 0.0653846153846
2 0.551923076923 0.343269230769 0.05 0.0480769230769
2 0.460576923077 0.309615384615 0.0442307692308 0.0461538461538
2 0.616346153846 0.252884615385 0.0365384615385 0.0442307692308
2 0.544230769231 0.214423076923 0.0307692307692 0.0326923076923
2 0.534615384615 0.165384615385 0.0230769230769 0.0269230769231
2 0.480769230769 0.194230769231 0.0269230769231 0.0269230769231
2 0.431730769231 0.213461538462 0.0326923076923 0.0346153846154
2 0.451923076923 0.125 0.0153846153846 0.0192307692308
2 0.488461538462 0.127884615385 0.0192307692308 0.0211538461538
5 0.569230769231 0.129807692308 0.0384615384615 0.0788461538462
3 0.448076923077 0.568269230769 0.0769230769231 0.117307692308
