2 0.761538461538 0.573076923077 0.0884615384615 0.0961538461538
3 0.640384615385 0.756730769231 0.115384615385 0.163461538462
2 0.453846153846 0.527884615385 0.0730769230769 0.0903846153846
2 0.450961538462 0.391346153846 0.0557692307692 0.0634615384615
2 0.565384615385 0.394230769231 0.0576923076923 0.0576923076923
2 0.680769230769 0.431730769231 0.0615384615385 0.0673076923077
2 0.4875 0.235576923077 0.0365384615385 0.0365384615385
7 0.569230769231 0.133653846154 0.0384615384615 0.0673076923077
2 0.522115384615 0.15 0.0211538461538 0.0230769230769
2 0.483653846154 0.151923076923 0.0211538461538 0.0230769230769
2 0.442307692308 0.145192307692 0.0192307692308 0.0211538461538
2 0.485576923077 0.126923076923 0.0173076923077 0.0153846153846
2 0.517307692308 0.123076923077 0.0192307692308 0.0192307692308
