6 0.676923076923 0.334615384615 0.0961538461538 0.165384615385
7 0.789423076923 0.542307692308 0.205769230769 0.396153846154
7 0.624038461538 0.240384615385 0.0634615384615 0.103846153846
2 0.402884615385 0.801923076923 0.121153846154 0.157692307692
2 0.575 0.486538461538 0.0692307692308 0.0961538461538
2 0.5375 0.15 0.0211538461538 0.0230769230769
2 0.429807692308 0.189423076923 0.025 0.025
2 0.439423076923 0.165384615385 0.0211538461538 0.0192307692308
2 0.482692307692 0.175 0.0269230769231 0.0230769230769
2 0.485576923077 0.209615384615 0.0288461538462 0.0307692307692
2 0.374038461538 0.360576923077 0.0557692307692 0.0557692307692
2 0.401923076923 0.283653846154 0.0461538461538 0.0519230769231
