2 0.438461538462 0.650961538462 0.0884615384615 0.121153846154
2 0.260576923077 0.592307692308 0.101923076923 0.111538461538
5 0.794230769231 0.560576923077 0.230769230769 0.451923076923
3 0.458653846154 0.315384615385 0.0480769230769 0.0653846153846
3 0.556730769231 0.299038461538 0.0442307692308 0.0557692307692
2 0.636538461538 0.294230769231 0.0423076923077 0.0461538461538
2 0.610576923077 0.253846153846 0.0326923076923 0.0346153846154
2 0.474038461538 0.257692307692 0.0365384615385 0.0384615384615
2 0.543269230769 0.228846153846 0.0326923076923 0.0346153846154
2 0.475 0.215384615385 0.0269230769231 0.0346153846154
2 0.495192307692 0.1625 0.025 0.025
