2 0.484615384615 0.121153846154 0.0192307692308 0.0192307692308
2 0.454807692308 0.104807692308 0.0173076923077 0.0173076923077
2 0.55 0.198076923077 0.0269230769231 0.0269230769231
2 0.240384615385 0.655769230769 0.123076923077 0.138461538462
2 0.475961538462 0.250961538462 0.0365384615385 0.0403846153846
2 0.473076923077 0.330769230769 0.05 0.05
2 0.408653846154 0.243269230769 0.0326923076923 0.0365384615385
2 0.394230769231 0.291346153846 0.0461538461538 0.0480769230769
7 0.684615384615 0.352884615385 0.0923076923077 0.163461538462
6 0.835576923077 0.642307692308 0.232692307692 0.384615384615
