2 0.308653846154 0.454807692308 0.075 0.0788461538462
2 0.450961538462 0.418269230769 0.0557692307692 0.0711538461538
2 0.549038461538 0.368269230769 0.0519230769231 0.0596153846154
2 0.475 0.290384615385 0.0423076923077 0.0461538461538
2 0.536538461538 0.243269230769 0.0346153846154 0.0442307692308
2 0.469230769231 0.188461538462 0.0269230769231 0.0269230769231
2 0.446153846154 0.164423076923 0.0230769230769 0.025
2 0.488461538462 0.140384615385 0.0192307692308 0.0230769230769
2 0.450961538462 0.127884615385 0.0173076923077 0.0173076923077
7 0.644230769231 0.269230769231 0.0846153846154 0.165384615385
7 0.5875 0.167307692308 0.0442307692308 0.0692307692308
6 0.607692307692 0.210576923077 0.0538461538462 0.0942307692308
2 0.521153846154 0.114423076923 0.0230769230769 0.0173076923077
