7 0.596153846154 0.191346153846 0.0461538461538 0.0826923076923
7 0.573076923077 0.127884615385 0.0423076923077 0.0519230769231
2 0.472115384615 0.481730769231 0.0673076923077 0.0865384615385
2 0.476923076923 0.221153846154 0.0307692307692 0.0307692307692
2 0.528846153846 0.2125 0.0307692307692 0.0288461538462
2 0.485576923077 0.177884615385 0.025 0.025
2 0.415384615385 0.220192307692 0.0346153846154 0.0326923076923
2 0.524038461538 0.160576923077 0.025 0.0288461538462
2 0.488461538462 0.126923076923 0.0192307692308 0.0192307692308
2 0.456730769231 0.1125 0.0173076923077 0.0173076923077
