2 0.383653846154 0.906730769231 0.144230769231 0.182692307692
2 0.663461538462 0.932692307692 0.138461538462 0.130769230769
2 0.223076923077 0.6625 0.107692307692 0.128846153846
2 0.480769230769 0.315384615385 0.0423076923077 0.0461538461538
2 0.483653846154 0.217307692308 0.0326923076923 0.0307692307692
2 0.540384615385 0.195192307692 0.0307692307692 0.0288461538462
6 0.578846153846 0.149038461538 0.0423076923077 0.0673076923077
5 0.553846153846 0.0951923076923 0.0307692307692 0.0596153846154
2 0.488461538462 0.109615384615 0.0192307692308 0.0192307692308
2 0.455769230769 0.103846153846 0.0153846153846 0.0192307692308
3 0.494230769231 0.152884615385 0.0230769230769 0.025
3 0.442307692308 0.151923076923 0.0307692307692 0.0307692307692
3 0.445192307692 0.438461538462 0.075 0.130769230769
