4 0.516346153846 0.182692307692 0.0480769230769 0.0923076923077
2 0.389423076923 0.859615384615 0.128846153846 0.169230769231
2 0.0971153846154 0.939423076923 0.167307692308 0.117307692308
2 0.457692307692 0.433653846154 0.0615384615385 0.0711538461538
2 0.439423076923 0.170192307692 0.025 0.025
2 0.545192307692 0.182692307692 0.0173076923077 0.0230769230769
2 0.448076923077 0.1375 0.0192307692308 0.025
2 0.485576923077 0.159615384615 0.0173076923077 0.0269230769231
3 0.489423076923 0.127884615385 0.025 0.025
6 0.601923076923 0.204807692308 0.0423076923077 0.0711538461538
