5 0.640384615385 0.268269230769 0.0884615384615 0.178846153846
4 0.705769230769 0.776923076923 0.273076923077 0.442307692308
3 0.475961538462 0.186538461538 0.0288461538462 0.0384615384615
3 0.534615384615 0.1875 0.0307692307692 0.0326923076923
2 0.547115384615 0.317307692308 0.0480769230769 0.05
2 0.411538461538 0.240384615385 0.0384615384615 0.0346153846154
2 0.482692307692 0.267307692308 0.0346153846154 0.0423076923077
2 0.592307692308 0.201923076923 0.0269230769231 0.0346153846154
2 0.485576923077 0.147115384615 0.0211538461538 0.0173076923077
2 0.499038461538 0.119230769231 0.0173076923077 0.0230769230769
