6 0.678846153846 0.334615384615 0.0769230769231 0.123076923077
4 0.548076923077 0.305769230769 0.0846153846154 0.161538461538
2 0.475 0.233653846154 0.0384615384615 0.0442307692308
2 0.403846153846 0.264423076923 0.0384615384615 0.0403846153846
2 0.422115384615 0.202884615385 0.0288461538462 0.0326923076923
2 0.488461538462 0.122115384615 0.0192307692308 0.0211538461538
2 0.522115384615 0.122115384615 0.0173076923077 0.0211538461538
3 0.481730769231 0.182692307692 0.0365384615385 0.0423076923077
3 0.455769230769 0.0932692307692 0.0153846153846 0.025
6 0.55 0.101923076923 0.0269230769231 0.0461538461538
