3 0.468269230769 0.263461538462 0.0480769230769 0.0692307692308
3 0.451923076923 0.117307692308 0.0192307692308 0.0269230769231
3 0.491346153846 0.121153846154 0.0173076923077 0.0269230769231
2 0.460576923077 0.369230769231 0.0557692307692 0.0769230769231
2 0.313461538462 0.486538461538 0.0769230769231 0.0846153846154
2 0.381730769231 0.300961538462 0.0403846153846 0.0480769230769
2 0.488461538462 0.158653846154 0.0230769230769 0.025
2 0.529807692308 0.148076923077 0.0211538461538 0.0230769230769
5 0.540384615385 0.0798076923077 0.0269230769231 0.0480769230769
6 0.561538461538 0.122115384615 0.0346153846154 0.0557692307692
6 0.858653846154 0.658653846154 0.171153846154 0.275
4 0.609615384615 0.633653846154 0.180769230769 0.421153846154
2 0.485576923077 0.214423076923 0.025 0.0288461538462
2 0.578846153846 0.410576923077 0.0692307692308 0.0442307692308
