5 0.634615384615 0.252884615385 0.0846153846154 0.144230769231
6 0.542307692308 0.202884615385 0.05 0.0826923076923
6 0.718269230769 0.454807692308 0.125 0.209615384615
3 0.472115384615 0.239423076923 0.0365384615385 0.0442307692308
3 0.444230769231 0.149038461538 0.0269230769231 0.0442307692308
2 0.490384615385 0.141346153846 0.0230769230769 0.025
2 0.385576923077 0.888461538462 0.128846153846 0.173076923077
2 0.630769230769 0.858653846154 0.126923076923 0.155769230769
2 0.477884615385 0.204807692308 0.0326923076923 0.025
2 0.425 0.196153846154 0.0269230769231 0.0307692307692
2 0.555769230769 0.388461538462 0.0576923076923 0.0615384615385
