2 0.4625 0.373076923077 0.0519230769231 0.0615384615385
2 0.364423076923 0.352884615385 0.0557692307692 0.0519230769231
2 0.565384615385 0.4 0.05 0.0576923076923
2 0.446153846154 0.145192307692 0.0192307692308 0.0211538461538
2 0.539423076923 0.258653846154 0.0403846153846 0.0442307692308
2 0.486538461538 0.114423076923 0.0192307692308 0.0173076923077
2 0.483653846154 0.150961538462 0.0173076923077 0.0173076923077
3 0.483653846154 0.177884615385 0.025 0.0326923076923
3 0.455769230769 0.1125 0.0230769230769 0.0365384615385
6 0.639423076923 0.289423076923 0.0711538461538 0.128846153846
6 0.552884615385 0.155769230769 0.0442307692308 0.0615384615385
5 0.855769230769 0.708653846154 0.284615384615 0.575
5 0.598076923077 0.191346153846 0.0576923076923 0.0980769230769
