2 0.453846153846 0.129807692308 0.0192307692308 0.0211538461538
2 0.4125 0.601923076923 0.0865384615385 0.119230769231
2 0.518269230769 0.135576923077 0.0211538461538 0.0211538461538
2 0.4875 0.149038461538 0.0211538461538 0.025
2 0.467307692308 0.388461538462 0.0576923076923 0.0692307692308
2 0.525961538462 0.167307692308 0.025 0.0269230769231
2 0.4875 0.221153846154 0.0326923076923 0.0307692307692
2 0.544230769231 0.280769230769 0.0423076923077 0.0461538461538
2 0.465384615385 0.274038461538 0.0423076923077 0.0442307692308
2 0.364423076923 0.376923076923 0.0557692307692 0.0615384615385
5 0.577884615385 0.1875 0.0634615384615 0.113461538462
