2 0.807692307692 0.497115384615 0.111538461538 0.148076923077
2 0.376923076923 0.794230769231 0.123076923077 0.157692307692
2 0.773076923077 0.419230769231 0.0923076923077 0.0923076923077
2 0.4875 0.102884615385 0.0173076923077 0.0211538461538
2 0.473076923077 0.284615384615 0.0423076923077 0.0461538461538
2 0.400961538462 0.244230769231 0.0365384615385 0.0346153846154
2 0.536538461538 0.194230769231 0.0269230769231 0.0307692307692
2 0.522115384615 0.151923076923 0.025 0.0230769230769
3 0.561538461538 0.127884615385 0.0230769230769 0.025
5 0.767307692308 0.494230769231 0.215384615385 0.384615384615
