3 0.636538461538 0.320192307692 0.0576923076923 0.0865384615385
3 0.536538461538 0.0923076923077 0.0192307692308 0.0269230769231
6 0.555769230769 0.117307692308 0.0269230769231 0.0461538461538
2 0.145192307692 0.838461538462 0.151923076923 0.161538461538
2 0.524038461538 0.149038461538 0.025 0.025
2 0.480769230769 0.150961538462 0.0269230769231 0.0288461538462
2 0.545192307692 0.236538461538 0.0365384615385 0.0423076923077
2 0.470192307692 0.220192307692 0.0326923076923 0.0365384615385
2 0.418269230769 0.214423076923 0.0326923076923 0.0326923076923
2 0.488461538462 0.190384615385 0.0307692307692 0.0269230769231
