2 0.604807692308 0.807692307692 0.121153846154 0.157692307692
2 0.4875 0.138461538462 0.0211538461538 0.0192307692308
2 0.4875 0.115384615385 0.0173076923077 0.0153846153846
2 0.375 0.301923076923 0.0461538461538 0.05
2 0.491346153846 0.184615384615 0.025 0.0269230769231
2 0.459615384615 0.3125 0.0461538461538 0.0596153846154
2 0.474038461538 0.273076923077 0.0403846153846 0.0346153846154
3 0.522115384615 0.114423076923 0.0173076923077 0.025
3 0.458653846154 0.384615384615 0.0557692307692 0.0769230769231
3 0.420192307692 0.214423076923 0.0403846153846 0.0634615384615
6 0.550961538462 0.277884615385 0.0711538461538 0.125
5 0.7 0.378846153846 0.142307692308 0.25
