6 0.582692307692 0.460576923077 0.123076923077 0.232692307692
3 0.341346153846 0.380769230769 0.075 0.123076923077
3 0.530769230769 0.147115384615 0.0230769230769 0.0288461538462
5 0.864423076923 0.724038461538 0.267307692308 0.544230769231
4 0.518269230769 0.0711538461538 0.0211538461538 0.0346153846154
2 0.484615384615 0.15 0.0230769230769 0.0230769230769
2 0.486538461538 0.185576923077 0.0269230769231 0.0326923076923
2 0.488461538462 0.256730769231 0.0346153846154 0.0403846153846
2 0.434615384615 0.484615384615 0.0730769230769 0.0884615384615
2 0.395192307692 0.606730769231 0.0942307692308 0.132692307692
2 0.2 0.681730769231 0.123076923077 0.121153846154
