5 0.641346153846 0.297115384615 0.101923076923 0.194230769231
6 0.590384615385 0.192307692308 0.0423076923077 0.0769230769231
6 0.551923076923 0.119230769231 0.0307692307692 0.05
3 0.4875 0.127884615385 0.0211538461538 0.025
2 0.526923076923 0.179807692308 0.0269230769231 0.0288461538462
2 0.595192307692 0.583653846154 0.0865384615385 0.101923076923
2 0.398076923077 0.669230769231 0.103846153846 0.126923076923
2 0.432692307692 0.190384615385 0.0230769230769 0.0307692307692
2 0.536538461538 0.234615384615 0.0307692307692 0.0346153846154
2 0.483653846154 0.2125 0.0288461538462 0.0326923076923
2 0.510576923077 0.396153846154 0.0557692307692 0.0576923076923
