5 0.872115384615 0.750961538462 0.248076923077 0.494230769231
3 0.334615384615 0.445192307692 0.0807692307692 0.109615384615
2 0.420192307692 0.311538461538 0.0480769230769 0.0615384615385
1 0.627884615385 0.283653846154 0.025 0.0557692307692
3 0.473076923077 0.250961538462 0.0461538461538 0.0557692307692
3 0.546153846154 0.244230769231 0.0461538461538 0.0615384615385
2 0.395192307692 0.257692307692 0.0403846153846 0.0423076923077
2 0.425961538462 0.204807692308 0.0288461538462 0.0442307692308
3 0.505769230769 0.190384615385 0.0346153846154 0.0461538461538
2 0.532692307692 0.183653846154 0.0230769230769 0.0365384615385
2 0.478846153846 0.176923076923 0.0269230769231 0.0269230769231
2 0.506730769231 0.128846153846 0.025 0.0192307692308
3 0.483653846154 0.105769230769 0.0173076923077 0.0307692307692
4 0.516346153846 0.0942307692308 0.025 0.0461538461538
5 0.546153846154 0.0913461538462 0.0269230769231 0.0403846153846
