4 0.851923076923 0.709615384615 0.288461538462 0.526923076923
2 0.146153846154 0.897115384615 0.176923076923 0.201923076923
2 0.398076923077 0.656730769231 0.107692307692 0.125
2 0.564423076923 0.390384615385 0.0519230769231 0.0884615384615
2 0.458653846154 0.2625 0.0403846153846 0.0519230769231
2 0.467307692308 0.207692307692 0.0307692307692 0.0307692307692
2 0.588461538462 0.206730769231 0.0346153846154 0.0442307692308
2 0.527884615385 0.191346153846 0.0326923076923 0.0288461538462
2 0.534615384615 0.168269230769 0.0307692307692 0.0288461538462
3 0.451923076923 0.420192307692 0.0653846153846 0.105769230769
