2 0.364423076923 0.684615384615 0.109615384615 0.142307692308
2 0.288461538462 0.493269230769 0.0807692307692 0.0980769230769
3 0.447115384615 0.45 0.075 0.115384615385
2 0.564423076923 0.405769230769 0.0673076923077 0.103846153846
1 0.708653846154 0.472115384615 0.0403846153846 0.0903846153846
2 0.392307692308 0.304807692308 0.0423076923077 0.0519230769231
3 0.538461538462 0.279807692308 0.05 0.075
2 0.471153846154 0.250961538462 0.0346153846154 0.0442307692308
3 0.4875 0.127884615385 0.0211538461538 0.0326923076923
4 0.521153846154 0.114423076923 0.0307692307692 0.0596153846154
2 0.520192307692 0.160576923077 0.025 0.0211538461538
6 0.557692307692 0.111538461538 0.0269230769231 0.0423076923077
