4 0.663461538462 0.325961538462 0.115384615385 0.186538461538
2 0.422115384615 0.633653846154 0.0903846153846 0.132692307692
2 0.557692307692 0.411538461538 0.0653846153846 0.0769230769231
2 0.370192307692 0.353846153846 0.0557692307692 0.0615384615385
2 0.460576923077 0.323076923077 0.0480769230769 0.0576923076923
2 0.542307692308 0.245192307692 0.0384615384615 0.0557692307692
2 0.475961538462 0.176923076923 0.025 0.0269230769231
2 0.480769230769 0.153846153846 0.0269230769231 0.0307692307692
2 0.569230769231 0.165384615385 0.0269230769231 0.0384615384615
2 0.517307692308 0.147115384615 0.0192307692308 0.0288461538462
3 0.481730769231 0.250961538462 0.0365384615385 0.0557692307692
