3 0.199038461538 0.725961538462 0.136538461538 0.186538461538
3 0.443269230769 0.502884615385 0.0865384615385 0.128846153846
2 0.326923076923 0.4125 0.0769230769231 0.0826923076923
2 0.606730769231 0.513461538462 0.0788461538462 0.111538461538
2 0.411538461538 0.289423076923 0.0538461538462 0.0557692307692
2 0.459615384615 0.358653846154 0.0461538461538 0.0634615384615
2 0.460576923077 0.425 0.0596153846154 0.0692307692308
2 0.544230769231 0.235576923077 0.0384615384615 0.0480769230769
2 0.491346153846 0.15 0.0288461538462 0.0269230769231
2 0.533653846154 0.175 0.025 0.0269230769231
3 0.568269230769 0.146153846154 0.0288461538462 0.0423076923077
