2 0.235576923077 0.719230769231 0.128846153846 0.165384615385
2 0.330769230769 0.439423076923 0.0692307692308 0.0826923076923
3 0.377884615385 0.307692307692 0.0519230769231 0.0730769230769
2 0.559615384615 0.286538461538 0.0461538461538 0.0576923076923
2 0.411538461538 0.229807692308 0.0346153846154 0.0442307692308
2 0.475 0.281730769231 0.05 0.0634615384615
2 0.463461538462 0.192307692308 0.0307692307692 0.0346153846154
2 0.475 0.231730769231 0.0346153846154 0.0326923076923
2 0.534615384615 0.178846153846 0.0307692307692 0.0307692307692
2 0.524038461538 0.140384615385 0.0173076923077 0.0269230769231
2 0.490384615385 0.120192307692 0.0192307692308 0.0211538461538
3 0.554807692308 0.117307692308 0.025 0.0384615384615
