2 0.361538461538 0.344230769231 0.0538461538462 0.0653846153846
2 0.408653846154 0.261538461538 0.0403846153846 0.05
2 0.425961538462 0.210576923077 0.0365384615385 0.0326923076923
2 0.5375 0.179807692308 0.0326923076923 0.0288461538462
3 0.431730769231 0.173076923077 0.0288461538462 0.0346153846154
3 0.489423076923 0.180769230769 0.0288461538462 0.0384615384615
3 0.444230769231 0.143269230769 0.0230769230769 0.0211538461538
2 0.483653846154 0.129807692308 0.025 0.0211538461538
2 0.525 0.134615384615 0.0230769230769 0.0230769230769
3 0.539423076923 0.0942307692308 0.0211538461538 0.0384615384615
