7 0.686538461538 0.35 0.119230769231 0.196153846154
2 0.433653846154 0.425961538462 0.0673076923077 0.0788461538462
2 0.563461538462 0.396153846154 0.0576923076923 0.0730769230769
3 0.543269230769 0.263461538462 0.0557692307692 0.0846153846154
2 0.473076923077 0.226923076923 0.0346153846154 0.0423076923077
2 0.476923076923 0.197115384615 0.0346153846154 0.0288461538462
3 0.528846153846 0.180769230769 0.0307692307692 0.0346153846154
5 0.582692307692 0.152884615385 0.0423076923077 0.0903846153846
2 0.503846153846 0.146153846154 0.0230769230769 0.0230769230769
2 0.527884615385 0.156730769231 0.0288461538462 0.0211538461538
2 0.482692307692 0.125 0.0230769230769 0.0230769230769
2 0.522115384615 0.110576923077 0.0211538461538 0.025
5 0.542307692308 0.0798076923077 0.0307692307692 0.0480769230769
