2 0.632692307692 0.623076923077 0.1 0.142307692308
2 0.441346153846 0.439423076923 0.0673076923077 0.0865384615385
2 0.467307692308 0.254807692308 0.0423076923077 0.0442307692308
2 0.545192307692 0.25 0.0403846153846 0.0423076923077
2 0.474038461538 0.161538461538 0.025 0.0230769230769
2 0.482692307692 0.145192307692 0.0192307692308 0.025
3 0.523076923077 0.136538461538 0.0269230769231 0.0346153846154
3 0.532692307692 0.186538461538 0.0384615384615 0.0615384615385
7 0.630769230769 0.235576923077 0.0846153846154 0.121153846154
5 0.566346153846 0.120192307692 0.0403846153846 0.0788461538462
