2 0.289423076923 0.589423076923 0.0980769230769 0.113461538462
2 0.428846153846 0.516346153846 0.0807692307692 0.105769230769
2 0.400961538462 0.297115384615 0.0519230769231 0.0596153846154
2 0.534615384615 0.243269230769 0.0384615384615 0.0519230769231
2 0.469230769231 0.180769230769 0.0307692307692 0.0307692307692
2 0.484615384615 0.151923076923 0.0230769230769 0.0230769230769
5 0.621153846154 0.215384615385 0.0730769230769 0.138461538462
5 0.585576923077 0.169230769231 0.0557692307692 0.103846153846
5 0.565384615385 0.126923076923 0.0461538461538 0.0769230769231
3 0.501923076923 0.108653846154 0.0230769230769 0.0288461538462
