6 0.630769230769 0.679807692308 0.142307692308 0.294230769231
2 0.399038461538 0.678846153846 0.105769230769 0.153846153846
2 0.557692307692 0.372115384615 0.0576923076923 0.075
5 0.644230769231 0.270192307692 0.0923076923077 0.190384615385
2 0.465384615385 0.268269230769 0.0461538461538 0.0519230769231
2 0.538461538462 0.282692307692 0.0423076923077 0.0423076923077
2 0.483653846154 0.149038461538 0.025 0.0211538461538
3 0.520192307692 0.139423076923 0.025 0.0326923076923
3 0.483653846154 0.123076923077 0.025 0.0269230769231
2 0.563461538462 0.133653846154 0.0192307692308 0.0211538461538
