2 0.442307692308 0.5 0.0769230769231 0.0961538461538
2 0.350961538462 0.402884615385 0.0634615384615 0.0711538461538
2 0.569230769231 0.380769230769 0.0653846153846 0.0653846153846
2 0.546153846154 0.275 0.0423076923077 0.0423076923077
2 0.479807692308 0.243269230769 0.0365384615385 0.0365384615385
3 0.541346153846 0.202884615385 0.0403846153846 0.0634615384615
5 0.588461538462 0.160576923077 0.05 0.101923076923
5 0.560576923077 0.105769230769 0.0326923076923 0.0615384615385
2 0.447115384615 0.138461538462 0.0211538461538 0.0230769230769
2 0.495192307692 0.15 0.025 0.0230769230769
2 0.4875 0.120192307692 0.0211538461538 0.0211538461538
2 0.454807692308 0.111538461538 0.0173076923077 0.0115384615385
