3 0.497115384615 0.703846153846 0.148076923077 0.273076923077
2 0.354807692308 0.352884615385 0.0557692307692 0.0634615384615
2 0.481730769231 0.306730769231 0.0519230769231 0.0557692307692
5 0.668269230769 0.292307692308 0.105769230769 0.203846153846
2 0.418269230769 0.224038461538 0.0326923076923 0.0365384615385
2 0.489423076923 0.205769230769 0.0326923076923 0.0346153846154
5 0.593269230769 0.175961538462 0.0634615384615 0.117307692308
2 0.4375 0.170192307692 0.025 0.025
2 0.448076923077 0.143269230769 0.0192307692308 0.025
2 0.484615384615 0.122115384615 0.0192307692308 0.0288461538462
2 0.490384615385 0.148076923077 0.0192307692308 0.0230769230769
