5 0.719230769231 0.413461538462 0.142307692308 0.288461538462
3 0.588461538462 0.601923076923 0.0961538461538 0.146153846154
2 0.447115384615 0.415384615385 0.0634615384615 0.0884615384615
2 0.568269230769 0.418269230769 0.0634615384615 0.0826923076923
2 0.460576923077 0.279807692308 0.0403846153846 0.0519230769231
2 0.4375 0.173076923077 0.025 0.0307692307692
2 0.478846153846 0.194230769231 0.0307692307692 0.0384615384615
2 0.541346153846 0.191346153846 0.0326923076923 0.0365384615385
2 0.484615384615 0.141346153846 0.0230769230769 0.0288461538462
2 0.528846153846 0.1625 0.0269230769231 0.0288461538462
3 0.519230769231 0.126923076923 0.0269230769231 0.0461538461538
5 0.565384615385 0.111538461538 0.0384615384615 0.0692307692308
5 0.5375 0.075 0.0288461538462 0.0538461538462
2 0.4875 0.0980769230769 0.0173076923077 0.0192307692308
