2 0.481730769231 0.125961538462 0.0211538461538 0.0211538461538
2 0.432692307692 0.514423076923 0.0730769230769 0.0865384615385
2 0.55 0.270192307692 0.0384615384615 0.0365384615385
2 0.486538461538 0.217307692308 0.0269230769231 0.0307692307692
2 0.469230769231 0.271153846154 0.0384615384615 0.0423076923077
2 0.375961538462 0.3125 0.0442307692308 0.0480769230769
2 0.351923076923 0.400961538462 0.0615384615385 0.0673076923077
3 0.781730769231 0.647115384615 0.140384615385 0.201923076923
3 0.554807692308 0.125961538462 0.0211538461538 0.0288461538462
4 0.515384615385 0.0942307692308 0.0230769230769 0.0423076923077
