5 0.557692307692 0.108653846154 0.0307692307692 0.0634615384615
3 0.514423076923 0.121153846154 0.0173076923077 0.0307692307692
3 0.466346153846 0.325 0.0557692307692 0.107692307692
2 0.418269230769 0.765384615385 0.121153846154 0.15
2 0.597115384615 0.546153846154 0.0788461538462 0.0884615384615
2 0.550961538462 0.290384615385 0.0442307692308 0.0423076923077
2 0.661538461538 0.372115384615 0.05 0.0596153846154
2 0.525961538462 0.159615384615 0.025 0.0269230769231
2 0.448076923077 0.133653846154 0.0192307692308 0.0211538461538
2 0.479807692308 0.129807692308 0.0211538461538 0.0211538461538
