5 0.648076923077 0.274038461538 0.0846153846154 0.178846153846
6 0.581730769231 0.459615384615 0.0826923076923 0.130769230769
7 0.569230769231 0.1375 0.0384615384615 0.0634615384615
2 0.461538461538 0.106730769231 0.0192307692308 0.0211538461538
2 0.420192307692 0.619230769231 0.0865384615385 0.111538461538
2 0.519230769231 0.120192307692 0.0192307692308 0.0211538461538
2 0.485576923077 0.148076923077 0.0211538461538 0.0269230769231
2 0.522115384615 0.148076923077 0.0173076923077 0.0269230769231
2 0.486538461538 0.2 0.0269230769231 0.0269230769231
2 0.454807692308 0.374038461538 0.0519230769231 0.0596153846154
