7 0.698076923077 0.403846153846 0.126923076923 0.230769230769
2 0.366346153846 0.931730769231 0.151923076923 0.132692307692
2 0.505769230769 0.0923076923077 0.0153846153846 0.0153846153846
2 0.597115384615 0.667307692308 0.0903846153846 0.115384615385
2 0.519230769231 0.114423076923 0.0153846153846 0.0173076923077
2 0.4875 0.119230769231 0.0173076923077 0.0192307692308
2 0.450961538462 0.142307692308 0.0173076923077 0.0192307692308
2 0.491346153846 0.169230769231 0.025 0.0269230769231
2 0.433653846154 0.199038461538 0.0288461538462 0.0326923076923
2 0.551923076923 0.388461538462 0.0576923076923 0.0653846153846
2 0.364423076923 0.358653846154 0.0557692307692 0.0596153846154
