5 0.542307692308 0.0836538461538 0.0269230769231 0.0519230769231
3 0.429807692308 0.566346153846 0.101923076923 0.175
3 0.484615384615 0.132692307692 0.0230769230769 0.0346153846154
6 0.885576923077 0.8 0.225 0.361538461538
2 0.904807692308 0.607692307692 0.159615384615 0.142307692308
2 0.903846153846 0.789423076923 0.119230769231 0.144230769231
2 0.482692307692 0.109615384615 0.0192307692308 0.0153846153846
2 0.507692307692 0.0990384615385 0.0153846153846 0.0173076923077
2 0.527884615385 0.135576923077 0.025 0.025
2 0.475961538462 0.174038461538 0.025 0.025
