2 0.550961538462 0.119230769231 0.0173076923077 0.0192307692308
2 0.448076923077 0.150961538462 0.0192307692308 0.0211538461538
2 0.489423076923 0.166346153846 0.0211538461538 0.0288461538462
2 0.460576923077 0.395192307692 0.0519230769231 0.0596153846154
2 0.433653846154 0.561538461538 0.0788461538462 0.0923076923077
2 0.5375 0.191346153846 0.025 0.0326923076923
2 0.579807692308 0.168269230769 0.025 0.025
2 0.389423076923 0.281730769231 0.0442307692308 0.0403846153846
2 0.472115384615 0.294230769231 0.0403846153846 0.0461538461538
3 0.555769230769 0.345192307692 0.0576923076923 0.075
