2 0.153846153846 0.897115384615 0.169230769231 0.190384615385
2 0.433653846154 0.170192307692 0.025 0.025
2 0.296153846154 0.542307692308 0.0923076923077 0.1
2 0.485576923077 0.169230769231 0.0288461538462 0.0269230769231
2 0.480769230769 0.207692307692 0.0307692307692 0.0346153846154
2 0.548076923077 0.314423076923 0.0423076923077 0.0519230769231
2 0.469230769231 0.271153846154 0.0384615384615 0.0461538461538
4 0.599038461538 0.192307692308 0.0519230769231 0.0884615384615
6 0.718269230769 0.401923076923 0.128846153846 0.246153846154
5 0.667307692308 0.729807692308 0.296153846154 0.536538461538
