2 0.578846153846 0.184615384615 0.0269230769231 0.0307692307692
2 0.480769230769 0.150961538462 0.0192307692308 0.0211538461538
2 0.561538461538 0.430769230769 0.0538461538462 0.0653846153846
2 0.647115384615 0.321153846154 0.0480769230769 0.0461538461538
2 0.468269230769 0.3375 0.0519230769231 0.0519230769231
2 0.375961538462 0.330769230769 0.0519230769231 0.0538461538462
2 0.527884615385 0.158653846154 0.025 0.0326923076923
3 0.517307692308 0.123076923077 0.0230769230769 0.0346153846154
5 0.567307692308 0.117307692308 0.0346153846154 0.0692307692308
5 0.543269230769 0.0865384615385 0.0288461538462 0.0538461538462
5 0.509615384615 0.0759615384615 0.0269230769231 0.0480769230769
