2 0.388461538462 0.451923076923 0.0692307692308 0.0846153846154
2 0.488461538462 0.142307692308 0.0192307692308 0.0192307692308
2 0.489423076923 0.121153846154 0.0173076923077 0.0192307692308
2 0.476923076923 0.334615384615 0.05 0.0576923076923
2 0.427884615385 0.204807692308 0.0326923076923 0.0326923076923
2 0.435576923077 0.175961538462 0.0288461538462 0.0211538461538
1 0.482692307692 0.246153846154 0.0192307692308 0.05
4 0.564423076923 0.118269230769 0.0326923076923 0.0519230769231
6 0.598076923077 0.179807692308 0.0461538461538 0.0980769230769
5 0.542307692308 0.220192307692 0.0653846153846 0.140384615385
5 0.652884615385 0.269230769231 0.0942307692308 0.176923076923
