2 0.4625 0.106730769231 0.0173076923077 0.0211538461538
2 0.45 0.394230769231 0.0538461538462 0.0653846153846
2 0.776923076923 0.645192307692 0.111538461538 0.121153846154
2 0.4875 0.151923076923 0.0211538461538 0.0230769230769
2 0.444230769231 0.150961538462 0.0192307692308 0.0288461538462
1 0.489423076923 0.126923076923 0.0134615384615 0.0192307692308
2 0.581730769231 0.440384615385 0.075 0.103846153846
3 0.541346153846 0.265384615385 0.0442307692308 0.0769230769231
5 0.635576923077 0.229807692308 0.0788461538462 0.144230769231
5 0.571153846154 0.135576923077 0.0423076923077 0.0826923076923
5 0.526923076923 0.119230769231 0.0346153846154 0.0692307692308
