5 0.557692307692 0.0980769230769 0.0269230769231 0.0576923076923
3 0.600961538462 0.689423076923 0.113461538462 0.178846153846
2 0.521153846154 0.125961538462 0.0153846153846 0.0288461538462
3 0.510576923077 0.100961538462 0.0173076923077 0.0326923076923
2 0.440384615385 0.549038461538 0.0769230769231 0.0942307692308
2 0.279807692308 0.540384615385 0.0903846153846 0.0923076923077
2 0.479807692308 0.119230769231 0.0173076923077 0.0192307692308
2 0.560576923077 0.146153846154 0.0173076923077 0.0230769230769
2 0.548076923077 0.266346153846 0.0346153846154 0.0403846153846
2 0.605769230769 0.220192307692 0.0307692307692 0.0365384615385
2 0.484615384615 0.217307692308 0.0307692307692 0.0307692307692
2 0.425 0.209615384615 0.0269230769231 0.0307692307692
