6 0.639423076923 0.25 0.0634615384615 0.142307692308
5 0.749038461538 0.451923076923 0.182692307692 0.338461538462
5 0.563461538462 0.346153846154 0.103846153846 0.238461538462
1 0.468269230769 0.407692307692 0.0288461538462 0.0769230769231
4 0.577884615385 0.146153846154 0.0365384615385 0.0653846153846
2 0.4375 0.751923076923 0.113461538462 0.15
2 0.534615384615 0.211538461538 0.0307692307692 0.0307692307692
2 0.380769230769 0.331730769231 0.05 0.0557692307692
2 0.404807692308 0.270192307692 0.0365384615385 0.0442307692308
2 0.481730769231 0.185576923077 0.025 0.0288461538462
2 0.484615384615 0.155769230769 0.0230769230769 0.0307692307692
2 0.448076923077 0.130769230769 0.0192307692308 0.0230769230769
2 0.4875 0.129807692308 0.0211538461538 0.0173076923077
