3 0.533653846154 0.207692307692 0.0288461538462 0.0423076923077
2 0.438461538462 0.677884615385 0.0923076923077 0.121153846154
2 0.477884615385 0.261538461538 0.0326923076923 0.0384615384615
2 0.557692307692 0.126923076923 0.0192307692308 0.0192307692308
2 0.475961538462 0.214423076923 0.0326923076923 0.0288461538462
2 0.525 0.139423076923 0.0192307692308 0.025
2 0.478846153846 0.182692307692 0.0269230769231 0.0269230769231
2 0.433653846154 0.175961538462 0.025 0.0288461538462
2 0.489423076923 0.122115384615 0.0211538461538 0.0173076923077
2 0.454807692308 0.109615384615 0.0173076923077 0.0192307692308
