2 0.390384615385 0.680769230769 0.1 0.123076923077
2 0.577884615385 0.359615384615 0.0519230769231 0.0576923076923
2 0.474038461538 0.3125 0.0403846153846 0.0519230769231
2 0.538461538462 0.180769230769 0.0269230769231 0.0307692307692
2 0.494230769231 0.223076923077 0.0307692307692 0.0346153846154
2 0.524038461538 0.116346153846 0.0173076923077 0.0173076923077
2 0.430769230769 0.194230769231 0.0269230769231 0.0269230769231
2 0.484615384615 0.117307692308 0.0192307692308 0.0230769230769
2 0.45 0.133653846154 0.0192307692308 0.0211538461538
6 0.8125 0.694230769231 0.178846153846 0.319230769231
