2 0.398076923077 0.898076923077 0.130769230769 0.165384615385
2 0.547115384615 0.182692307692 0.025 0.0269230769231
2 0.554807692308 0.261538461538 0.0403846153846 0.0423076923077
2 0.594230769231 0.195192307692 0.0269230769231 0.0326923076923
2 0.476923076923 0.259615384615 0.0346153846154 0.0423076923077
2 0.428846153846 0.217307692308 0.0307692307692 0.0346153846154
2 0.478846153846 0.191346153846 0.0269230769231 0.0288461538462
2 0.453846153846 0.135576923077 0.0192307692308 0.0211538461538
2 0.480769230769 0.115384615385 0.0153846153846 0.0153846153846
6 0.528846153846 0.138461538462 0.0307692307692 0.0538461538462
