6 0.561538461538 0.117307692308 0.0307692307692 0.0461538461538
2 0.55 0.295192307692 0.0423076923077 0.0480769230769
2 0.635576923077 0.838461538462 0.125 0.153846153846
2 0.459615384615 0.3 0.0384615384615 0.0461538461538
2 0.4875 0.170192307692 0.025 0.025
2 0.45 0.229807692308 0.0346153846154 0.0326923076923
2 0.488461538462 0.145192307692 0.0192307692308 0.0211538461538
2 0.517307692308 0.129807692308 0.0192307692308 0.0211538461538
2 0.481730769231 0.115384615385 0.0173076923077 0.0192307692308
2 0.511538461538 0.115384615385 0.0153846153846 0.0192307692308
