6 0.554807692308 0.107692307692 0.0288461538462 0.0423076923077
6 0.541346153846 0.197115384615 0.0442307692308 0.0826923076923
3 0.525 0.146153846154 0.0307692307692 0.0346153846154
2 0.480769230769 0.158653846154 0.0230769230769 0.025
2 0.431730769231 0.213461538462 0.0288461538462 0.0346153846154
2 0.475961538462 0.326923076923 0.0442307692308 0.05
2 0.593269230769 0.285576923077 0.0403846153846 0.0403846153846
2 0.663461538462 0.346153846154 0.0538461538462 0.0653846153846
2 0.338461538462 0.458653846154 0.0653846153846 0.0711538461538
2 0.431730769231 0.623076923077 0.0826923076923 0.115384615385
2 0.613461538462 0.595192307692 0.0884615384615 0.117307692308
