5 0.586538461538 0.165384615385 0.05 0.0807692307692
5 0.545192307692 0.0826923076923 0.0288461538462 0.05
1 0.564423076923 0.420192307692 0.0288461538462 0.0788461538462
2 0.525961538462 0.197115384615 0.0288461538462 0.0288461538462
2 0.518269230769 0.120192307692 0.0211538461538 0.0211538461538
2 0.493269230769 0.136538461538 0.0173076923077 0.0269230769231
2 0.45 0.138461538462 0.0230769230769 0.0230769230769
2 0.402884615385 0.759615384615 0.121153846154 0.153846153846
2 0.165384615385 0.809615384615 0.157692307692 0.15
3 0.650961538462 0.890384615385 0.167307692308 0.215384615385
2 0.751923076923 0.591346153846 0.119230769231 0.128846153846
