3 0.480769230769 0.0855769230769 0.0192307692308 0.0288461538462
3 0.508653846154 0.0836538461538 0.0134615384615 0.0211538461538
2 0.356730769231 0.375 0.0634615384615 0.0846153846154
5 0.583653846154 0.45 0.132692307692 0.346153846154
5 0.561538461538 0.115384615385 0.0346153846154 0.0730769230769
5 0.732692307692 0.416346153846 0.169230769231 0.309615384615
2 0.455769230769 0.0894230769231 0.0153846153846 0.0211538461538
2 0.481730769231 0.292307692308 0.0442307692308 0.05
2 0.489423076923 0.144230769231 0.0211538461538 0.0230769230769
2 0.483653846154 0.123076923077 0.0211538461538 0.0153846153846
2 0.474038461538 0.201923076923 0.0288461538462 0.0307692307692
