2 0.542307692308 0.330769230769 0.0461538461538 0.05
2 0.450961538462 0.117307692308 0.0173076923077 0.0153846153846
2 0.492307692308 0.109615384615 0.0153846153846 0.0153846153846
2 0.515384615385 0.118269230769 0.0153846153846 0.0173076923077
2 0.531730769231 0.166346153846 0.025 0.025
2 0.492307692308 0.197115384615 0.0307692307692 0.0365384615385
2 0.417307692308 0.211538461538 0.0307692307692 0.0307692307692
3 0.482692307692 0.0836538461538 0.0192307692308 0.025
5 0.624038461538 0.238461538462 0.0788461538462 0.142307692308
5 0.559615384615 0.104807692308 0.0307692307692 0.0596153846154
