2 0.508653846154 0.0855769230769 0.0173076923077 0.0134615384615
3 0.485576923077 0.108653846154 0.025 0.0326923076923
5 0.734615384615 0.454807692308 0.173076923077 0.325
5 0.575 0.135576923077 0.0423076923077 0.0826923076923
2 0.523076923077 0.154807692308 0.0230769230769 0.0211538461538
2 0.492307692308 0.15 0.0230769230769 0.0230769230769
2 0.543269230769 0.266346153846 0.0365384615385 0.0403846153846
2 0.449038461538 0.141346153846 0.0211538461538 0.0211538461538
2 0.442307692308 0.168269230769 0.0269230769231 0.025
2 0.472115384615 0.359615384615 0.0557692307692 0.0730769230769
2 0.309615384615 0.454807692308 0.0769230769231 0.0711538461538
