2 0.330769230769 0.461538461538 0.0730769230769 0.0769230769231
2 0.469230769231 0.364423076923 0.05 0.0596153846154
3 0.618269230769 0.881730769231 0.136538461538 0.198076923077
2 0.843269230769 0.758653846154 0.132692307692 0.151923076923
2 0.527884615385 0.145192307692 0.025 0.0211538461538
2 0.575 0.256730769231 0.0346153846154 0.0365384615385
2 0.480769230769 0.0980769230769 0.0153846153846 0.0153846153846
2 0.486538461538 0.125 0.0153846153846 0.0192307692308
2 0.481730769231 0.167307692308 0.025 0.0307692307692
3 0.653846153846 0.323076923077 0.0538461538462 0.0692307692308
3 0.514423076923 0.106730769231 0.0211538461538 0.025
2 0.549038461538 0.110576923077 0.0211538461538 0.0211538461538
