3 0.483653846154 0.122115384615 0.0211538461538 0.025
6 0.640384615385 0.279807692308 0.0846153846154 0.155769230769
2 0.559615384615 0.406730769231 0.0615384615385 0.0711538461538
2 0.5625 0.15 0.025 0.0230769230769
2 0.523076923077 0.138461538462 0.0230769230769 0.0230769230769
2 0.434615384615 0.183653846154 0.0307692307692 0.0326923076923
2 0.485576923077 0.182692307692 0.025 0.0230769230769
2 0.538461538462 0.200961538462 0.0269230769231 0.0288461538462
2 0.471153846154 0.243269230769 0.0346153846154 0.0442307692308
2 0.447115384615 0.314423076923 0.0442307692308 0.0557692307692
