2 0.551923076923 0.118269230769 0.0192307692308 0.0173076923077
2 0.511538461538 0.101923076923 0.0153846153846 0.0153846153846
2 0.486538461538 0.123076923077 0.0192307692308 0.0192307692308
2 0.448076923077 0.468269230769 0.0692307692308 0.0788461538462
2 0.610576923077 0.219230769231 0.0288461538462 0.0346153846154
2 0.491346153846 0.180769230769 0.025 0.0269230769231
2 0.540384615385 0.2 0.0230769230769 0.0269230769231
2 0.468269230769 0.211538461538 0.0326923076923 0.0269230769231
2 0.411538461538 0.232692307692 0.0346153846154 0.0307692307692
2 0.402884615385 0.293269230769 0.0403846153846 0.0442307692308
2 0.478846153846 0.298076923077 0.0423076923077 0.0461538461538
3 0.485576923077 0.240384615385 0.0326923076923 0.0384615384615
3 0.627884615385 0.724038461538 0.136538461538 0.228846153846
