2 0.452884615385 0.176923076923 0.0211538461538 0.0230769230769
2 0.433653846154 0.527884615385 0.0711538461538 0.0865384615385
2 0.620192307692 0.848076923077 0.136538461538 0.203846153846
2 0.8375 0.825961538462 0.140384615385 0.144230769231
2 0.489423076923 0.205769230769 0.0288461538462 0.0307692307692
2 0.474038461538 0.260576923077 0.0365384615385 0.0365384615385
2 0.381730769231 0.313461538462 0.0442307692308 0.0461538461538
3 0.565384615385 0.139423076923 0.0269230769231 0.0403846153846
5 0.593269230769 0.176923076923 0.0480769230769 0.0884615384615
4 0.525 0.123076923077 0.0346153846154 0.0461538461538
4 0.484615384615 0.138461538462 0.0384615384615 0.0538461538462
