4 0.544230769231 0.0990384615385 0.0307692307692 0.0519230769231
6 0.576923076923 0.154807692308 0.0346153846154 0.0711538461538
3 0.524038461538 0.150961538462 0.025 0.0326923076923
2 0.4 0.785576923077 0.115384615385 0.155769230769
2 0.664423076923 0.385576923077 0.0557692307692 0.0557692307692
2 0.568269230769 0.535576923077 0.075 0.0826923076923
2 0.4875 0.120192307692 0.0173076923077 0.025
2 0.525961538462 0.186538461538 0.0288461538462 0.0269230769231
2 0.561538461538 0.214423076923 0.0384615384615 0.0365384615385
2 0.485576923077 0.146153846154 0.025 0.0230769230769
2 0.436538461538 0.188461538462 0.0269230769231 0.0307692307692
