3 0.563461538462 0.338461538462 0.0615384615385 0.0884615384615
3 0.490384615385 0.172115384615 0.0269230769231 0.0326923076923
2 0.475 0.263461538462 0.0423076923077 0.0384615384615
2 0.485576923077 0.101923076923 0.0134615384615 0.0153846153846
2 0.486538461538 0.202884615385 0.0307692307692 0.0326923076923
2 0.491346153846 0.139423076923 0.0211538461538 0.0211538461538
2 0.530769230769 0.152884615385 0.0230769230769 0.025
2 0.583653846154 0.172115384615 0.025 0.0288461538462
2 0.4375 0.196153846154 0.0288461538462 0.0269230769231
2 0.436538461538 0.168269230769 0.0230769230769 0.025
