6 0.740384615385 0.466346153846 0.153846153846 0.282692307692
3 0.483653846154 0.156730769231 0.025 0.0326923076923
2 0.395192307692 0.723076923077 0.113461538462 0.142307692308
2 0.448076923077 0.403846153846 0.0576923076923 0.0730769230769
2 0.483653846154 0.121153846154 0.0211538461538 0.0230769230769
2 0.523076923077 0.122115384615 0.0153846153846 0.0173076923077
2 0.531730769231 0.175 0.025 0.0269230769231
2 0.582692307692 0.190384615385 0.0269230769231 0.0269230769231
2 0.554807692308 0.290384615385 0.0403846153846 0.0461538461538
2 0.479807692308 0.255769230769 0.0326923076923 0.0346153846154
2 0.4125 0.267307692308 0.0403846153846 0.0423076923077
