2 0.442307692308 0.565384615385 0.0807692307692 0.111538461538
3 0.472115384615 0.385576923077 0.0557692307692 0.075
2 0.510576923077 0.103846153846 0.0173076923077 0.0192307692308
6 0.535576923077 0.0855769230769 0.0211538461538 0.0403846153846
2 0.278846153846 0.594230769231 0.0961538461538 0.1
2 0.333653846154 0.401923076923 0.0673076923077 0.0653846153846
2 0.520192307692 0.128846153846 0.0173076923077 0.0230769230769
2 0.564423076923 0.139423076923 0.0211538461538 0.0173076923077
2 0.485576923077 0.151923076923 0.025 0.0230769230769
2 0.406730769231 0.333653846154 0.0519230769231 0.0480769230769
2 0.481730769231 0.253846153846 0.0365384615385 0.0384615384615
2 0.554807692308 0.283653846154 0.0403846153846 0.0442307692308
2 0.649038461538 0.299038461538 0.0403846153846 0.0442307692308
