3 0.475 0.213461538462 0.0307692307692 0.0461538461538
2 0.589423076923 0.519230769231 0.075 0.0923076923077
2 0.319230769231 0.520192307692 0.0923076923077 0.101923076923
2 0.521153846154 0.120192307692 0.0153846153846 0.0211538461538
2 0.460576923077 0.439423076923 0.0596153846154 0.075
2 0.542307692308 0.234615384615 0.0346153846154 0.0346153846154
2 0.620192307692 0.264423076923 0.0403846153846 0.0365384615385
2 0.482692307692 0.110576923077 0.0153846153846 0.0173076923077
2 0.526923076923 0.149038461538 0.0230769230769 0.0211538461538
2 0.481730769231 0.150961538462 0.0211538461538 0.0211538461538
