6 0.545192307692 0.0990384615385 0.0211538461538 0.0403846153846
2 0.456730769231 0.100961538462 0.0173076923077 0.0173076923077
2 0.524038461538 0.123076923077 0.0173076923077 0.0192307692308
2 0.577884615385 0.172115384615 0.0211538461538 0.0211538461538
2 0.526923076923 0.165384615385 0.0230769230769 0.0230769230769
2 0.483653846154 0.201923076923 0.0288461538462 0.0307692307692
2 0.726923076923 0.469230769231 0.0692307692308 0.0769230769231
2 0.183653846154 0.844230769231 0.151923076923 0.161538461538
2 0.579807692308 0.479807692308 0.0634615384615 0.0826923076923
2 0.447115384615 0.432692307692 0.0557692307692 0.0730769230769
