2 0.404807692308 0.925961538462 0.144230769231 0.144230769231
2 0.516346153846 0.125 0.0173076923077 0.0192307692308
2 0.699038461538 0.428846153846 0.075 0.0769230769231
2 0.478846153846 0.104807692308 0.0192307692308 0.0211538461538
2 0.510576923077 0.0980769230769 0.0173076923077 0.0153846153846
2 0.453846153846 0.107692307692 0.0153846153846 0.0153846153846
2 0.461538461538 0.415384615385 0.0576923076923 0.0692307692308
2 0.540384615385 0.199038461538 0.0307692307692 0.0326923076923
2 0.469230769231 0.326923076923 0.0461538461538 0.05
6 0.5625 0.118269230769 0.0365384615385 0.0596153846154
6 0.902884615385 0.807692307692 0.190384615385 0.380769230769
4 0.640384615385 0.264423076923 0.0807692307692 0.140384615385
