2 0.520192307692 0.113461538462 0.0173076923077 0.0153846153846
2 0.651923076923 0.360576923077 0.0576923076923 0.0673076923077
2 0.584615384615 0.175961538462 0.0269230769231 0.0288461538462
2 0.55 0.313461538462 0.0461538461538 0.05
2 0.489423076923 0.147115384615 0.0211538461538 0.0211538461538
2 0.485576923077 0.167307692308 0.025 0.0230769230769
2 0.485576923077 0.2125 0.0288461538462 0.0326923076923
2 0.377884615385 0.353846153846 0.0519230769231 0.0615384615385
3 0.535576923077 0.228846153846 0.0403846153846 0.0461538461538
6 0.614423076923 0.224038461538 0.0519230769231 0.0980769230769
4 0.567307692308 0.132692307692 0.0384615384615 0.0653846153846
