4 0.534615384615 0.15 0.0423076923077 0.0692307692308
4 0.482692307692 0.174038461538 0.0423076923077 0.0865384615385
3 0.510576923077 0.0913461538462 0.0173076923077 0.025
3 0.582692307692 0.182692307692 0.0307692307692 0.0538461538462
5 0.628846153846 0.234615384615 0.0730769230769 0.123076923077
2 0.483653846154 0.121153846154 0.0211538461538 0.0192307692308
2 0.220192307692 0.729807692308 0.128846153846 0.128846153846
2 0.454807692308 0.247115384615 0.0326923076923 0.0365384615385
2 0.450961538462 0.4375 0.0596153846154 0.0673076923077
2 0.5 0.293269230769 0.0461538461538 0.0442307692308
