6 0.551923076923 0.0990384615385 0.0307692307692 0.0519230769231
6 0.699038461538 0.386538461538 0.0980769230769 0.188461538462
4 0.596153846154 0.183653846154 0.0576923076923 0.0865384615385
3 0.569230769231 0.452884615385 0.0730769230769 0.101923076923
2 0.513461538462 0.103846153846 0.0192307692308 0.0192307692308
2 0.627884615385 0.270192307692 0.0442307692308 0.0442307692308
2 0.527884615385 0.151923076923 0.025 0.0230769230769
2 0.484615384615 0.216346153846 0.0307692307692 0.0288461538462
2 0.479807692308 0.252884615385 0.0326923076923 0.0365384615385
2 0.472115384615 0.376923076923 0.0557692307692 0.0576923076923
