3 0.474038461538 0.420192307692 0.0557692307692 0.0826923076923
3 0.563461538462 0.138461538462 0.0230769230769 0.0346153846154
3 0.548076923077 0.110576923077 0.0153846153846 0.0326923076923
2 0.571153846154 0.222115384615 0.0307692307692 0.0326923076923
2 0.486538461538 0.117307692308 0.0192307692308 0.0192307692308
2 0.454807692308 0.119230769231 0.0173076923077 0.0230769230769
2 0.447115384615 0.145192307692 0.0211538461538 0.025
2 0.517307692308 0.124038461538 0.0192307692308 0.0211538461538
2 0.478846153846 0.148076923077 0.0192307692308 0.0269230769231
2 0.519230769231 0.151923076923 0.0192307692308 0.0230769230769
2 0.350961538462 0.378846153846 0.0634615384615 0.0730769230769
2 0.421153846154 0.548076923077 0.0923076923077 0.115384615385
