2 0.353846153846 0.885576923077 0.119230769231 0.175
2 0.6 0.726923076923 0.1 0.130769230769
2 0.556730769231 0.356730769231 0.0480769230769 0.0557692307692
2 0.438461538462 0.375 0.05 0.0576923076923
2 0.461538461538 0.329807692308 0.0461538461538 0.0480769230769
2 0.491346153846 0.232692307692 0.0365384615385 0.0384615384615
2 0.421153846154 0.2 0.0269230769231 0.0307692307692
2 0.491346153846 0.150961538462 0.025 0.0211538461538
2 0.483653846154 0.116346153846 0.0211538461538 0.0211538461538
3 0.651923076923 0.327884615385 0.0576923076923 0.0788461538462
3 0.582692307692 0.251923076923 0.0384615384615 0.05
