2 0.621153846154 0.329807692308 0.05 0.0480769230769
2 0.531730769231 0.200961538462 0.0326923076923 0.0326923076923
2 0.475 0.196153846154 0.0230769230769 0.0307692307692
2 0.422115384615 0.196153846154 0.0288461538462 0.0384615384615
2 0.526923076923 0.157692307692 0.0230769230769 0.0230769230769
2 0.484615384615 0.145192307692 0.0230769230769 0.0211538461538
2 0.451923076923 0.150961538462 0.0230769230769 0.025
2 0.509615384615 0.119230769231 0.0192307692308 0.0192307692308
3 0.555769230769 0.131730769231 0.0230769230769 0.0288461538462
3 0.575961538462 0.170192307692 0.0326923076923 0.0442307692308
