3 0.606730769231 0.233653846154 0.0442307692308 0.0596153846154
3 0.572115384615 0.181730769231 0.025 0.0403846153846
2 0.503846153846 0.169230769231 0.0230769230769 0.0230769230769
2 0.445192307692 0.145192307692 0.0173076923077 0.025
2 0.490384615385 0.114423076923 0.0192307692308 0.0211538461538
2 0.477884615385 0.218269230769 0.0326923076923 0.0365384615385
2 0.445192307692 0.229807692308 0.0365384615385 0.0365384615385
2 0.542307692308 0.230769230769 0.0346153846154 0.0384615384615
2 0.550961538462 0.3375 0.0480769230769 0.0519230769231
2 0.449038461538 0.351923076923 0.0480769230769 0.0538461538462
2 0.335576923077 0.386538461538 0.0634615384615 0.0730769230769
2 0.855769230769 0.876923076923 0.157692307692 0.157692307692
