2 0.400961538462 0.754807692308 0.117307692308 0.155769230769
2 0.568269230769 0.345192307692 0.0519230769231 0.0557692307692
2 0.464423076923 0.244230769231 0.0403846153846 0.0461538461538
3 0.489423076923 0.214423076923 0.0326923076923 0.0442307692308
3 0.55 0.113461538462 0.0230769230769 0.0307692307692
2 0.514423076923 0.111538461538 0.0211538461538 0.0192307692308
2 0.479807692308 0.109615384615 0.0173076923077 0.0192307692308
2 0.456730769231 0.102884615385 0.0211538461538 0.0211538461538
2 0.5375 0.154807692308 0.025 0.025
2 0.432692307692 0.191346153846 0.0269230769231 0.0403846153846
