2 0.485576923077 0.110576923077 0.0173076923077 0.0173076923077
2 0.631730769231 0.732692307692 0.109615384615 0.130769230769
2 0.471153846154 0.415384615385 0.0576923076923 0.0653846153846
2 0.454807692308 0.295192307692 0.0403846153846 0.0480769230769
2 0.446153846154 0.250961538462 0.0346153846154 0.0326923076923
3 0.484615384615 0.146153846154 0.0192307692308 0.0307692307692
6 0.627884615385 0.243269230769 0.0634615384615 0.0942307692308
5 0.532692307692 0.163461538462 0.0384615384615 0.0961538461538
5 0.536538461538 0.0759615384615 0.0269230769231 0.0442307692308
4 0.545192307692 0.282692307692 0.0711538461538 0.134615384615
