5 0.814423076923 0.572115384615 0.251923076923 0.482692307692
2 0.464423076923 0.382692307692 0.0557692307692 0.0769230769231
3 0.556730769231 0.301923076923 0.0557692307692 0.0961538461538
2 0.538461538462 0.229807692308 0.0346153846154 0.0403846153846
2 0.536538461538 0.191346153846 0.0307692307692 0.0326923076923
2 0.444230769231 0.154807692308 0.0269230769231 0.0288461538462
2 0.480769230769 0.202884615385 0.0346153846154 0.0403846153846
2 0.4875 0.180769230769 0.0288461538462 0.0307692307692
2 0.4875 0.120192307692 0.0211538461538 0.025
2 0.561538461538 0.132692307692 0.0192307692308 0.0269230769231
