3 0.485576923077 0.133653846154 0.0211538461538 0.0288461538462
3 0.589423076923 0.198076923077 0.025 0.0346153846154
2 0.652884615385 0.925961538462 0.132692307692 0.144230769231
2 0.523076923077 0.1625 0.0230769230769 0.0211538461538
2 0.449038461538 0.131730769231 0.0211538461538 0.0173076923077
2 0.565384615385 0.134615384615 0.0192307692308 0.0230769230769
2 0.5625 0.0923076923077 0.025 0.0230769230769
2 0.551923076923 0.242307692308 0.0384615384615 0.0423076923077
2 0.490384615385 0.2 0.0346153846154 0.0269230769231
2 0.425961538462 0.193269230769 0.025 0.0326923076923
