3 0.528846153846 0.171153846154 0.0269230769231 0.0307692307692
3 0.557692307692 0.334615384615 0.0461538461538 0.0615384615385
5 0.646153846154 0.274038461538 0.0846153846154 0.186538461538
3 0.456730769231 0.385576923077 0.0557692307692 0.0634615384615
2 0.472115384615 0.559615384615 0.0865384615385 0.103846153846
2 0.284615384615 0.5375 0.0846153846154 0.0865384615385
2 0.478846153846 0.289423076923 0.0423076923077 0.0442307692308
2 0.375 0.353846153846 0.05 0.05
2 0.530769230769 0.141346153846 0.0192307692308 0.0211538461538
2 0.592307692308 0.211538461538 0.0269230769231 0.0307692307692
