2 0.5875 0.126923076923 0.025 0.0230769230769
2 0.5875 0.183653846154 0.025 0.025
2 0.488461538462 0.153846153846 0.0230769230769 0.0230769230769
2 0.590384615385 0.490384615385 0.0692307692308 0.0923076923077
2 0.532692307692 0.210576923077 0.0269230769231 0.0326923076923
2 0.428846153846 0.196153846154 0.0230769230769 0.0307692307692
2 0.540384615385 0.252884615385 0.0307692307692 0.0326923076923
2 0.474038461538 0.340384615385 0.0519230769231 0.0461538461538
2 0.322115384615 0.415384615385 0.0634615384615 0.0576923076923
3 0.481730769231 0.189423076923 0.0288461538462 0.0326923076923
3 0.640384615385 0.309615384615 0.0423076923077 0.0576923076923
5 0.582692307692 0.158653846154 0.0461538461538 0.0942307692308
