5 0.574038461538 0.136538461538 0.0365384615385 0.0884615384615
3 0.604807692308 0.602884615385 0.113461538462 0.198076923077
3 0.525 0.144230769231 0.0192307692308 0.0269230769231
2 0.4875 0.173076923077 0.025 0.0230769230769
2 0.436538461538 0.164423076923 0.0230769230769 0.0211538461538
2 0.45 0.142307692308 0.0192307692308 0.0192307692308
2 0.485576923077 0.239423076923 0.0326923076923 0.0365384615385
2 0.567307692308 0.321153846154 0.0461538461538 0.0461538461538
2 0.244230769231 0.631730769231 0.1 0.101923076923
2 0.389423076923 0.746153846154 0.105769230769 0.146153846154
2 0.504807692308 0.1375 0.0211538461538 0.025
