3 0.465384615385 0.318269230769 0.0461538461538 0.0634615384615
3 0.807692307692 0.691346153846 0.111538461538 0.151923076923
5 0.624038461538 0.233653846154 0.075 0.151923076923
2 0.638461538462 0.192307692308 0.0346153846154 0.0384615384615
2 0.634615384615 0.277884615385 0.0423076923077 0.0403846153846
2 0.488461538462 0.120192307692 0.0192307692308 0.0211538461538
2 0.466346153846 0.250961538462 0.0365384615385 0.0480769230769
2 0.558653846154 0.376923076923 0.0519230769231 0.0576923076923
2 0.367307692308 0.367307692308 0.05 0.0576923076923
2 0.576923076923 0.550961538462 0.0769230769231 0.0942307692308
