2 0.484615384615 0.121153846154 0.0192307692308 0.0192307692308
2 0.4375 0.568269230769 0.0826923076923 0.105769230769
2 0.627884615385 0.282692307692 0.0365384615385 0.0384615384615
2 0.508653846154 0.139423076923 0.0211538461538 0.0173076923077
2 0.533653846154 0.147115384615 0.0211538461538 0.025
2 0.541346153846 0.180769230769 0.0288461538462 0.0230769230769
2 0.119230769231 0.942307692308 0.169230769231 0.111538461538
5 0.752884615385 0.475961538462 0.182692307692 0.371153846154
3 0.536538461538 0.236538461538 0.0346153846154 0.05
3 0.628846153846 0.774038461538 0.115384615385 0.163461538462
