2 0.406730769231 0.789423076923 0.105769230769 0.136538461538
2 0.225 0.649038461538 0.0961538461538 0.105769230769
2 0.574038461538 0.331730769231 0.0480769230769 0.0519230769231
2 0.604807692308 0.215384615385 0.025 0.0269230769231
2 0.532692307692 0.157692307692 0.0192307692308 0.0230769230769
2 0.456730769231 0.357692307692 0.0442307692308 0.0538461538462
2 0.394230769231 0.299038461538 0.0423076923077 0.0442307692308
2 0.480769230769 0.127884615385 0.0153846153846 0.0173076923077
2 0.450961538462 0.115384615385 0.0173076923077 0.0192307692308
3 0.526923076923 0.125 0.0230769230769 0.0307692307692
