5 0.560576923077 0.1125 0.0326923076923 0.0557692307692
5 0.7375 0.447115384615 0.163461538462 0.328846153846
5 0.585576923077 0.1625 0.0442307692308 0.0903846153846
2 0.55 0.443269230769 0.0615384615385 0.0826923076923
2 0.426923076923 0.507692307692 0.0692307692308 0.0846153846154
2 0.540384615385 0.234615384615 0.0307692307692 0.0307692307692
2 0.526923076923 0.202884615385 0.0269230769231 0.025
2 0.508653846154 0.149038461538 0.0173076923077 0.0173076923077
2 0.459615384615 0.316346153846 0.0423076923077 0.0480769230769
2 0.375961538462 0.304807692308 0.0403846153846 0.0442307692308
