2 0.486538461538 0.242307692308 0.0346153846154 0.0423076923077
2 0.636538461538 0.630769230769 0.0884615384615 0.103846153846
2 0.457692307692 0.436538461538 0.0576923076923 0.0692307692308
2 0.413461538462 0.231730769231 0.0346153846154 0.0288461538462
2 0.500961538462 0.176923076923 0.025 0.0269230769231
2 0.433653846154 0.192307692308 0.0288461538462 0.0269230769231
3 0.532692307692 0.193269230769 0.0269230769231 0.0365384615385
3 0.481730769231 0.204807692308 0.025 0.0288461538462
3 0.518269230769 0.125 0.0211538461538 0.0230769230769
5 0.593269230769 0.174038461538 0.0480769230769 0.113461538462
