2 0.702884615385 0.626923076923 0.101923076923 0.119230769231
2 0.565384615385 0.196153846154 0.0307692307692 0.0307692307692
2 0.454807692308 0.115384615385 0.0173076923077 0.0192307692308
2 0.429807692308 0.104807692308 0.0173076923077 0.0173076923077
2 0.418269230769 0.1375 0.0211538461538 0.0173076923077
2 0.551923076923 0.519230769231 0.0692307692308 0.0846153846154
2 0.458653846154 0.171153846154 0.025 0.0269230769231
2 0.225 0.567307692308 0.0961538461538 0.103846153846
2 0.510576923077 0.196153846154 0.0288461538462 0.0307692307692
2 0.392307692308 0.198076923077 0.0269230769231 0.0346153846154
2 0.449038461538 0.254807692308 0.0365384615385 0.0365384615385
2 0.436538461538 0.345192307692 0.05 0.0557692307692
