2 0.617307692308 0.344230769231 0.0538461538462 0.0538461538462
1 0.536538461538 0.133653846154 0.0153846153846 0.0326923076923
2 0.552884615385 0.170192307692 0.025 0.025
2 0.590384615385 0.249038461538 0.0346153846154 0.0365384615385
2 0.499038461538 0.196153846154 0.0326923076923 0.0307692307692
2 0.431730769231 0.4 0.0557692307692 0.0730769230769
2 0.280769230769 0.463461538462 0.0692307692308 0.0807692307692
2 0.402884615385 0.244230769231 0.0365384615385 0.0384615384615
2 0.495192307692 0.102884615385 0.0173076923077 0.0173076923077
2 0.457692307692 0.103846153846 0.0192307692308 0.0192307692308
2 0.431730769231 0.0923076923077 0.0134615384615 0.0153846153846
