3 0.364423076923 0.244230769231 0.0442307692308 0.0538461538462
3 0.451923076923 0.153846153846 0.0230769230769 0.0269230769231
4 0.5125 0.217307692308 0.0557692307692 0.123076923077
4 0.5875 0.210576923077 0.0596153846154 0.0980769230769
2 0.4375 0.249038461538 0.0403846153846 0.0442307692308
2 0.221153846154 0.610576923077 0.1 0.121153846154
2 0.527884615385 0.457692307692 0.0596153846154 0.0807692307692
2 0.444230769231 0.202884615385 0.0307692307692 0.025
2 0.386538461538 0.202884615385 0.0307692307692 0.0326923076923
2 0.405769230769 0.161538461538 0.0230769230769 0.0269230769231
2 0.414423076923 0.134615384615 0.0173076923077 0.0192307692308
2 0.461538461538 0.125 0.0192307692308 0.0192307692308
2 0.428846153846 0.111538461538 0.0192307692308 0.0192307692308
2 0.519230769231 0.111538461538 0.0153846153846 0.0230769230769
2 0.464423076923 0.105769230769 0.0173076923077 0.0192307692308
