2 0.532692307692 0.128846153846 0.0192307692308 0.0192307692308
2 0.565384615385 0.210576923077 0.0269230769231 0.0326923076923
2 0.557692307692 0.174038461538 0.0230769230769 0.025
2 0.492307692308 0.1375 0.0192307692308 0.025
2 0.456730769231 0.215384615385 0.0326923076923 0.0307692307692
2 0.4375 0.152884615385 0.025 0.025
2 0.389423076923 0.217307692308 0.0326923076923 0.0307692307692
2 0.432692307692 0.343269230769 0.05 0.0596153846154
2 0.3375 0.316346153846 0.0519230769231 0.0442307692308
2 0.576923076923 0.674038461538 0.0884615384615 0.125
2 0.880769230769 0.872115384615 0.184615384615 0.198076923077
2 0.158653846154 0.683653846154 0.128846153846 0.144230769231
3 0.365384615385 0.648076923077 0.103846153846 0.165384615385
2 0.4875 0.0826923076923 0.0134615384615 0.0230769230769
