2 0.525 0.113461538462 0.0153846153846 0.0153846153846
2 0.498076923077 0.122115384615 0.0192307692308 0.0173076923077
2 0.463461538462 0.110576923077 0.0192307692308 0.0173076923077
2 0.433653846154 0.0913461538462 0.0134615384615 0.0134615384615
2 0.423076923077 0.120192307692 0.0192307692308 0.0211538461538
2 0.457692307692 0.144230769231 0.0192307692308 0.0230769230769
2 0.455769230769 0.171153846154 0.0269230769231 0.0269230769231
2 0.564423076923 0.223076923077 0.0326923076923 0.0346153846154
2 0.383653846154 0.197115384615 0.0288461538462 0.0326923076923
2 0.506730769231 0.217307692308 0.0288461538462 0.0307692307692
2 0.451923076923 0.388461538462 0.0538461538462 0.0692307692308
