2 0.492307692308 0.102884615385 0.0153846153846 0.0134615384615
2 0.456730769231 0.125961538462 0.0211538461538 0.0211538461538
2 0.582692307692 0.254807692308 0.0346153846154 0.0365384615385
2 0.454807692308 0.179807692308 0.025 0.0288461538462
2 0.401923076923 0.174038461538 0.0269230769231 0.0288461538462
2 0.333653846154 0.349038461538 0.0557692307692 0.0557692307692
2 0.569230769231 0.536538461538 0.0769230769231 0.0923076923077
2 0.395192307692 0.536538461538 0.0865384615385 0.115384615385
2 0.160576923077 0.654807692308 0.117307692308 0.125
2 0.428846153846 0.0932692307692 0.0153846153846 0.0173076923077
