3 0.508653846154 0.0807692307692 0.0173076923077 0.0192307692308
2 0.4875 0.105769230769 0.0173076923077 0.0192307692308
2 0.463461538462 0.125 0.0192307692308 0.0192307692308
2 0.453846153846 0.155769230769 0.0269230769231 0.0230769230769
2 0.410576923077 0.146153846154 0.025 0.0192307692308
2 0.389423076923 0.201923076923 0.0326923076923 0.0384615384615
2 0.451923076923 0.276923076923 0.0423076923077 0.0461538461538
2 0.534615384615 0.3375 0.05 0.0519230769231
2 0.658653846154 0.400961538462 0.0557692307692 0.0557692307692
2 0.407692307692 0.546153846154 0.0730769230769 0.1
2 0.314423076923 0.370192307692 0.0596153846154 0.075
