3 0.453846153846 0.170192307692 0.0230769230769 0.0326923076923
2 0.518269230769 0.300961538462 0.0403846153846 0.0442307692308
2 0.558653846154 0.192307692308 0.0288461538462 0.0307692307692
2 0.505769230769 0.172115384615 0.0269230769231 0.025
2 0.440384615385 0.213461538462 0.0346153846154 0.0346153846154
2 0.390384615385 0.194230769231 0.0346153846154 0.0307692307692
2 0.417307692308 0.132692307692 0.0230769230769 0.0192307692308
2 0.463461538462 0.125 0.0192307692308 0.0192307692308
2 0.433653846154 0.0980769230769 0.0173076923077 0.0153846153846
2 0.458653846154 0.102884615385 0.0211538461538 0.025
