2 0.520192307692 0.110576923077 0.0173076923077 0.0211538461538
2 0.584615384615 0.242307692308 0.0384615384615 0.0384615384615
2 0.499038461538 0.132692307692 0.0173076923077 0.0230769230769
2 0.425961538462 0.110576923077 0.0173076923077 0.0173076923077
2 0.417307692308 0.129807692308 0.0192307692308 0.0211538461538
2 0.456730769231 0.146153846154 0.025 0.0307692307692
2 0.402884615385 0.170192307692 0.025 0.025
2 0.448076923077 0.224038461538 0.0307692307692 0.0365384615385
2 0.520192307692 0.307692307692 0.0403846153846 0.0461538461538
2 0.420192307692 0.368269230769 0.0519230769231 0.0596153846154
2 0.465384615385 0.0894230769231 0.0192307692308 0.0211538461538
