3 0.419230769231 0.383653846154 0.0615384615385 0.0826923076923
2 0.686538461538 0.543269230769 0.0884615384615 0.0980769230769
2 0.541346153846 0.355769230769 0.0519230769231 0.0576923076923
2 0.338461538462 0.675961538462 0.103846153846 0.140384615385
2 0.183653846154 0.619230769231 0.117307692308 0.115384615385
2 0.401923076923 0.242307692308 0.0346153846154 0.0384615384615
2 0.452884615385 0.211538461538 0.0326923076923 0.0307692307692
2 0.455769230769 0.150961538462 0.0230769230769 0.0211538461538
2 0.413461538462 0.153846153846 0.0230769230769 0.0269230769231
2 0.457692307692 0.125 0.0192307692308 0.0192307692308
2 0.465384615385 0.0913461538462 0.0192307692308 0.0211538461538
