2 0.790384615385 0.748076923077 0.126923076923 0.142307692308
2 0.364423076923 0.704807692308 0.0980769230769 0.136538461538
2 0.546153846154 0.164423076923 0.0230769230769 0.0288461538462
2 0.459615384615 0.125961538462 0.0230769230769 0.0211538461538
2 0.425961538462 0.116346153846 0.0173076923077 0.0211538461538
2 0.458653846154 0.0971153846154 0.0173076923077 0.0173076923077
2 0.513461538462 0.233653846154 0.0346153846154 0.0365384615385
2 0.442307692308 0.248076923077 0.0423076923077 0.05
2 0.4 0.181730769231 0.0269230769231 0.0288461538462
2 0.364423076923 0.236538461538 0.0326923076923 0.0307692307692
2 0.291346153846 0.419230769231 0.0711538461538 0.0692307692308
