3 0.428846153846 0.271153846154 0.0423076923077 0.0615384615385
4 0.636538461538 0.700961538462 0.238461538462 0.586538461538
4 0.724038461538 0.472115384615 0.175 0.286538461538
2 0.529807692308 0.4125 0.0519230769231 0.0673076923077
2 0.340384615385 0.831730769231 0.142307692308 0.198076923077
2 0.397115384615 0.482692307692 0.0711538461538 0.0846153846154
2 0.196153846154 0.620192307692 0.107692307692 0.121153846154
2 0.325 0.355769230769 0.0576923076923 0.0653846153846
2 0.524038461538 0.272115384615 0.0365384615385 0.0403846153846
2 0.365384615385 0.251923076923 0.0346153846154 0.0423076923077
2 0.539423076923 0.153846153846 0.0211538461538 0.0230769230769
2 0.45 0.200961538462 0.0346153846154 0.0288461538462
2 0.465384615385 0.147115384615 0.0230769230769 0.025
2 0.400961538462 0.176923076923 0.025 0.0230769230769
2 0.422115384615 0.141346153846 0.0211538461538 0.0211538461538
2 0.449038461538 0.109615384615 0.0211538461538 0.0192307692308
2 0.484615384615 0.102884615385 0.0192307692308 0.0211538461538
2 0.517307692308 0.102884615385 0.0153846153846 0.0173076923077
