2 0.561538461538 0.552884615385 0.0807692307692 0.0942307692308
2 0.381730769231 0.458653846154 0.0673076923077 0.0826923076923
2 0.511538461538 0.2375 0.0346153846154 0.0326923076923
2 0.510576923077 0.188461538462 0.0288461538462 0.0346153846154
2 0.55 0.165384615385 0.0269230769231 0.0307692307692
2 0.457692307692 0.147115384615 0.0230769230769 0.0173076923077
2 0.419230769231 0.136538461538 0.0192307692308 0.0230769230769
2 0.459615384615 0.123076923077 0.0192307692308 0.0192307692308
2 0.494230769231 0.122115384615 0.0192307692308 0.0173076923077
2 0.529807692308 0.121153846154 0.0211538461538 0.0230769230769
2 0.438461538462 0.0980769230769 0.0192307692308 0.0230769230769
