2 0.374038461538 0.771153846154 0.113461538462 0.165384615385
2 0.5 0.105769230769 0.0153846153846 0.0153846153846
2 0.5 0.128846153846 0.0230769230769 0.0192307692308
2 0.573076923077 0.225961538462 0.0346153846154 0.0365384615385
2 0.455769230769 0.106730769231 0.0192307692308 0.0211538461538
2 0.430769230769 0.0980769230769 0.0153846153846 0.0153846153846
2 0.459615384615 0.15 0.0269230769231 0.0269230769231
2 0.5 0.176923076923 0.0230769230769 0.0269230769231
2 0.530769230769 0.303846153846 0.0423076923077 0.05
2 0.439423076923 0.250961538462 0.0403846153846 0.0403846153846
5 0.516346153846 0.0711538461538 0.025 0.0538461538462
