2 0.384615384615 0.659615384615 0.0961538461538 0.134615384615
2 0.207692307692 0.621153846154 0.115384615385 0.123076923077
2 0.527884615385 0.432692307692 0.0634615384615 0.0769230769231
2 0.311538461538 0.382692307692 0.0692307692308 0.0807692307692
2 0.440384615385 0.264423076923 0.0423076923077 0.0442307692308
2 0.410576923077 0.172115384615 0.0288461538462 0.0288461538462
2 0.454807692308 0.135576923077 0.0173076923077 0.0211538461538
2 0.423076923077 0.127884615385 0.0192307692308 0.025
2 0.459615384615 0.106730769231 0.0192307692308 0.0211538461538
2 0.429807692308 0.104807692308 0.0173076923077 0.0211538461538
