2 0.432692307692 0.109615384615 0.0192307692308 0.0192307692308
2 0.461538461538 0.101923076923 0.0153846153846 0.0192307692308
2 0.496153846154 0.120192307692 0.0192307692308 0.0211538461538
2 0.614423076923 0.321153846154 0.0480769230769 0.0461538461538
2 0.514423076923 0.293269230769 0.0403846153846 0.0442307692308
2 0.372115384615 0.233653846154 0.0326923076923 0.0365384615385
2 0.419230769231 0.350961538462 0.0461538461538 0.0557692307692
2 0.747115384615 0.686538461538 0.121153846154 0.153846153846
2 0.402884615385 0.674038461538 0.0903846153846 0.128846153846
2 0.179807692308 0.655769230769 0.128846153846 0.142307692308
3 0.447115384615 0.239423076923 0.0365384615385 0.0480769230769
