5 0.524038461538 0.0865384615385 0.0288461538462 0.05
2 0.430769230769 0.0923076923077 0.0153846153846 0.0153846153846
2 0.661538461538 0.440384615385 0.0653846153846 0.0769230769231
2 0.461538461538 0.113461538462 0.0192307692308 0.0153846153846
2 0.417307692308 0.138461538462 0.0192307692308 0.0230769230769
2 0.454807692308 0.147115384615 0.0211538461538 0.025
2 0.518269230769 0.139423076923 0.0211538461538 0.0288461538462
2 0.506730769231 0.175961538462 0.025 0.0288461538462
2 0.45 0.230769230769 0.0346153846154 0.0384615384615
2 0.513461538462 0.270192307692 0.0384615384615 0.0365384615385
2 0.373076923077 0.625 0.0961538461538 0.138461538462
2 0.609615384615 0.780769230769 0.115384615385 0.161538461538
