2 0.496153846154 0.1 0.0153846153846 0.0153846153846
2 0.4625 0.105769230769 0.0173076923077 0.0192307692308
2 0.494230769231 0.129807692308 0.0192307692308 0.0211538461538
2 0.542307692308 0.15 0.0230769230769 0.0269230769231
2 0.455769230769 0.157692307692 0.0269230769231 0.0269230769231
2 0.510576923077 0.1875 0.0288461538462 0.0326923076923
2 0.443269230769 0.269230769231 0.0403846153846 0.0423076923077
2 0.359615384615 0.298076923077 0.0461538461538 0.05
2 0.393269230769 0.579807692308 0.075 0.105769230769
2 0.225 0.578846153846 0.107692307692 0.107692307692
