3 0.460576923077 0.139423076923 0.0211538461538 0.0288461538462
2 0.419230769231 0.129807692308 0.0192307692308 0.0211538461538
2 0.450961538462 0.169230769231 0.025 0.0230769230769
2 0.500961538462 0.168269230769 0.025 0.025
2 0.552884615385 0.172115384615 0.025 0.025
2 0.386538461538 0.208653846154 0.0346153846154 0.0365384615385
2 0.454807692308 0.222115384615 0.0326923076923 0.0365384615385
2 0.583653846154 0.25 0.0403846153846 0.0423076923077
2 0.539423076923 0.313461538462 0.0480769230769 0.0538461538462
2 0.538461538462 0.429807692308 0.0615384615385 0.0711538461538
