2 0.549038461538 0.2 0.0326923076923 0.0384615384615
2 0.55 0.568269230769 0.0807692307692 0.105769230769
2 0.398076923077 0.501923076923 0.0769230769231 0.1
2 0.519230769231 0.270192307692 0.0384615384615 0.0442307692308
2 0.442307692308 0.232692307692 0.0346153846154 0.0423076923077
2 0.380769230769 0.227884615385 0.0346153846154 0.0365384615385
2 0.460576923077 0.157692307692 0.025 0.0230769230769
2 0.419230769231 0.128846153846 0.0192307692308 0.0192307692308
5 0.538461538462 0.109615384615 0.0346153846154 0.0692307692308
2 0.4875 0.0923076923077 0.0173076923077 0.0192307692308
