3 0.454807692308 0.209615384615 0.0326923076923 0.0423076923077
2 0.533653846154 0.383653846154 0.0519230769231 0.0596153846154
2 0.424038461538 0.379807692308 0.0557692307692 0.0673076923077
2 0.332692307692 0.346153846154 0.05 0.0653846153846
2 0.592307692308 0.272115384615 0.0423076923077 0.0403846153846
2 0.410576923077 0.157692307692 0.025 0.0269230769231
2 0.452884615385 0.145192307692 0.0211538461538 0.0211538461538
2 0.495192307692 0.113461538462 0.0173076923077 0.0192307692308
2 0.511538461538 0.075 0.0153846153846 0.0192307692308
2 0.485576923077 0.0807692307692 0.0173076923077 0.0192307692308
