3 0.464423076923 0.0971153846154 0.0134615384615 0.0211538461538
6 0.5125 0.209615384615 0.0326923076923 0.0538461538462
2 0.531730769231 0.125961538462 0.0173076923077 0.0211538461538
2 0.494230769231 0.135576923077 0.0192307692308 0.0211538461538
2 0.456730769231 0.138461538462 0.025 0.0230769230769
2 0.425961538462 0.125961538462 0.0211538461538 0.0211538461538
2 0.451923076923 0.188461538462 0.0307692307692 0.0307692307692
2 0.445192307692 0.219230769231 0.0326923076923 0.0346153846154
2 0.530769230769 0.342307692308 0.0538461538462 0.0576923076923
2 0.2375 0.617307692308 0.113461538462 0.123076923077
