3 0.463461538462 0.134615384615 0.0230769230769 0.0307692307692
2 0.4 0.457692307692 0.0653846153846 0.0769230769231
6 0.543269230769 0.418269230769 0.0673076923077 0.109615384615
2 0.433653846154 0.339423076923 0.0480769230769 0.0557692307692
2 0.552884615385 0.174038461538 0.025 0.0288461538462
2 0.506730769231 0.204807692308 0.0288461538462 0.0326923076923
2 0.449038461538 0.206730769231 0.0326923076923 0.0326923076923
2 0.401923076923 0.185576923077 0.0269230769231 0.0326923076923
2 0.427884615385 0.111538461538 0.0173076923077 0.0192307692308
2 0.459615384615 0.107692307692 0.0192307692308 0.0153846153846
2 0.486538461538 0.0875 0.0153846153846 0.0134615384615
