2 0.491346153846 0.0903846153846 0.0134615384615 0.0153846153846
2 0.454807692308 0.141346153846 0.025 0.025
2 0.504807692308 0.1875 0.0288461538462 0.0326923076923
2 0.394230769231 0.196153846154 0.0307692307692 0.0307692307692
2 0.45 0.230769230769 0.0384615384615 0.0346153846154
2 0.506730769231 0.250961538462 0.0365384615385 0.0403846153846
2 0.432692307692 0.345192307692 0.05 0.0557692307692
2 0.650961538462 0.415384615385 0.0634615384615 0.0769230769231
2 0.424038461538 0.479807692308 0.0634615384615 0.0942307692308
1 0.500961538462 0.127884615385 0.0134615384615 0.0288461538462
