2 0.435576923077 0.0836538461538 0.0173076923077 0.0173076923077
2 0.461538461538 0.0826923076923 0.0153846153846 0.0153846153846
2 0.523076923077 0.108653846154 0.0153846153846 0.0134615384615
2 0.489423076923 0.120192307692 0.0173076923077 0.0211538461538
2 0.461538461538 0.171153846154 0.0269230769231 0.0269230769231
2 0.420192307692 0.154807692308 0.0288461538462 0.0288461538462
2 0.451923076923 0.231730769231 0.0384615384615 0.0403846153846
2 0.375 0.248076923077 0.0384615384615 0.0384615384615
2 0.439423076923 0.304807692308 0.0403846153846 0.0442307692308
2 0.483653846154 0.0778846153846 0.0134615384615 0.0173076923077
