2 0.515384615385 0.0865384615385 0.0153846153846 0.0153846153846
2 0.493269230769 0.114423076923 0.0173076923077 0.0173076923077
2 0.458653846154 0.121153846154 0.0211538461538 0.0230769230769
2 0.490384615385 0.0942307692308 0.0153846153846 0.0192307692308
2 0.459615384615 0.0903846153846 0.0153846153846 0.0115384615385
2 0.547115384615 0.159615384615 0.025 0.0269230769231
2 0.5 0.202884615385 0.0307692307692 0.0326923076923
2 0.459615384615 0.233653846154 0.0384615384615 0.0365384615385
2 0.370192307692 0.844230769231 0.117307692308 0.173076923077
4 0.494230769231 0.0480769230769 0.0192307692308 0.0346153846154
