2 0.546153846154 0.448076923077 0.0692307692308 0.0884615384615
2 0.613461538462 0.358653846154 0.0538461538462 0.0519230769231
2 0.425 0.383653846154 0.0653846153846 0.0788461538462
2 0.446153846154 0.230769230769 0.0346153846154 0.0346153846154
2 0.357692307692 0.261538461538 0.0423076923077 0.0461538461538
2 0.572115384615 0.228846153846 0.0365384615385 0.0346153846154
2 0.456730769231 0.135576923077 0.025 0.0211538461538
2 0.488461538462 0.0884615384615 0.0153846153846 0.0192307692308
2 0.460576923077 0.0942307692308 0.0134615384615 0.0192307692308
2 0.435576923077 0.0855769230769 0.0134615384615 0.0173076923077
