2 0.173076923077 0.711538461538 0.153846153846 0.173076923077
2 0.393269230769 0.540384615385 0.075 0.1
2 0.658653846154 0.460576923077 0.0673076923077 0.0826923076923
2 0.301923076923 0.384615384615 0.0615384615385 0.0615384615385
2 0.508653846154 0.189423076923 0.025 0.0326923076923
2 0.451923076923 0.177884615385 0.0269230769231 0.025
2 0.501923076923 0.146153846154 0.0192307692308 0.0230769230769
2 0.455769230769 0.140384615385 0.0192307692308 0.0192307692308
2 0.418269230769 0.129807692308 0.0211538461538 0.0211538461538
2 0.490384615385 0.0894230769231 0.0153846153846 0.0173076923077
2 0.461538461538 0.0855769230769 0.0153846153846 0.0173076923077
