2 0.368269230769 0.930769230769 0.136538461538 0.134615384615
2 0.192307692308 0.678846153846 0.123076923077 0.138461538462
2 0.420192307692 0.486538461538 0.0788461538462 0.103846153846
2 0.450961538462 0.282692307692 0.0442307692308 0.0423076923077
2 0.366346153846 0.261538461538 0.0442307692308 0.05
2 0.498076923077 0.185576923077 0.0307692307692 0.0288461538462
2 0.539423076923 0.150961538462 0.0211538461538 0.025
2 0.440384615385 0.114423076923 0.0192307692308 0.0211538461538
2 0.459615384615 0.105769230769 0.0192307692308 0.0192307692308
2 0.4875 0.0971153846154 0.0173076923077 0.0173076923077
