3 0.5125 0.251923076923 0.0365384615385 0.05
2 0.399038461538 0.6375 0.0865384615385 0.117307692308
2 0.525 0.326923076923 0.05 0.0615384615385
2 0.457692307692 0.169230769231 0.0269230769231 0.0269230769231
2 0.499038461538 0.139423076923 0.0211538461538 0.0211538461538
2 0.520192307692 0.0980769230769 0.0173076923077 0.0192307692308
2 0.427884615385 0.114423076923 0.0173076923077 0.0211538461538
2 0.486538461538 0.0855769230769 0.0153846153846 0.0134615384615
2 0.461538461538 0.0817307692308 0.0115384615385 0.0134615384615
2 0.445192307692 0.0740384615385 0.0134615384615 0.0173076923077
