2 0.324038461538 0.909615384615 0.136538461538 0.176923076923
2 0.385576923077 0.208653846154 0.0365384615385 0.0365384615385
2 0.449038461538 0.205769230769 0.0326923076923 0.0307692307692
2 0.553846153846 0.182692307692 0.0269230769231 0.0269230769231
2 0.409615384615 0.161538461538 0.0230769230769 0.0230769230769
2 0.494230769231 0.118269230769 0.0192307692308 0.0211538461538
2 0.459615384615 0.115384615385 0.0192307692308 0.0192307692308
2 0.459615384615 0.0951923076923 0.0153846153846 0.0134615384615
2 0.440384615385 0.0875 0.0153846153846 0.0173076923077
2 0.494230769231 0.101923076923 0.0192307692308 0.0153846153846
