2 0.395192307692 0.568269230769 0.0788461538462 0.105769230769
2 0.425 0.317307692308 0.0423076923077 0.05
2 0.502884615385 0.1625 0.025 0.025
2 0.404807692308 0.178846153846 0.0288461538462 0.0307692307692
6 0.497115384615 0.123076923077 0.0211538461538 0.0307692307692
2 0.453846153846 0.126923076923 0.0192307692308 0.0192307692308
2 0.457692307692 0.110576923077 0.0192307692308 0.0134615384615
2 0.514423076923 0.0913461538462 0.0134615384615 0.0173076923077
2 0.4875 0.0923076923077 0.0134615384615 0.0153846153846
2 0.460576923077 0.0923076923077 0.0134615384615 0.0153846153846
2 0.4375 0.0865384615385 0.0134615384615 0.0192307692308
