4 0.633653846154 0.298076923077 0.109615384615 0.192307692308
2 0.544230769231 0.149038461538 0.0230769230769 0.0288461538462
2 0.5125 0.290384615385 0.0442307692308 0.0461538461538
2 0.382692307692 0.549038461538 0.0923076923077 0.132692307692
2 0.294230769231 0.406730769231 0.0615384615385 0.0673076923077
2 0.501923076923 0.183653846154 0.0269230769231 0.0288461538462
2 0.454807692308 0.141346153846 0.0211538461538 0.025
2 0.399038461538 0.186538461538 0.0326923076923 0.0307692307692
2 0.408653846154 0.149038461538 0.025 0.025
2 0.423076923077 0.130769230769 0.0192307692308 0.0230769230769
