2 0.110576923077 0.802884615385 0.182692307692 0.201923076923
2 0.377884615385 0.554807692308 0.0903846153846 0.140384615385
2 0.519230769231 0.280769230769 0.0423076923077 0.0461538461538
2 0.4375 0.246153846154 0.0365384615385 0.0461538461538
2 0.499038461538 0.168269230769 0.0211538461538 0.025
2 0.455769230769 0.163461538462 0.0269230769231 0.0269230769231
2 0.500961538462 0.136538461538 0.0211538461538 0.0230769230769
2 0.492307692308 0.107692307692 0.0153846153846 0.0153846153846
2 0.499038461538 0.0865384615385 0.0134615384615 0.0153846153846
2 0.4375 0.0836538461538 0.0134615384615 0.0173076923077
2 0.463461538462 0.0798076923077 0.0153846153846 0.0173076923077
