2 0.631730769231 0.365384615385 0.0634615384615 0.0769230769231
2 0.438461538462 0.338461538462 0.05 0.0538461538462
2 0.513461538462 0.272115384615 0.0384615384615 0.0442307692308
2 0.369230769231 0.25 0.0384615384615 0.0423076923077
2 0.447115384615 0.238461538462 0.0365384615385 0.0461538461538
2 0.571153846154 0.205769230769 0.0346153846154 0.0384615384615
2 0.503846153846 0.165384615385 0.0230769230769 0.0307692307692
2 0.455769230769 0.149038461538 0.0230769230769 0.0288461538462
2 0.528846153846 0.117307692308 0.0192307692308 0.0192307692308
2 0.461538461538 0.106730769231 0.0192307692308 0.0173076923077
2 0.461538461538 0.0894230769231 0.0153846153846 0.0173076923077
