2 0.333653846154 0.755769230769 0.117307692308 0.146153846154
2 0.617307692308 0.359615384615 0.0538461538462 0.0538461538462
2 0.424038461538 0.339423076923 0.0480769230769 0.0557692307692
2 0.564423076923 0.194230769231 0.025 0.0269230769231
2 0.501923076923 0.173076923077 0.0230769230769 0.0269230769231
2 0.459615384615 0.135576923077 0.0192307692308 0.0211538461538
2 0.498076923077 0.121153846154 0.0192307692308 0.0192307692308
2 0.525 0.108653846154 0.0192307692308 0.0211538461538
2 0.456730769231 0.0980769230769 0.0134615384615 0.0153846153846
2 0.4375 0.0788461538462 0.0173076923077 0.0153846153846
2 0.459615384615 0.0778846153846 0.0153846153846 0.0173076923077
2 0.482692307692 0.0769230769231 0.0115384615385 0.0153846153846
