2 0.525961538462 0.100961538462 0.0173076923077 0.0173076923077
2 0.481730769231 0.0875 0.0134615384615 0.0134615384615
2 0.460576923077 0.0836538461538 0.0134615384615 0.0134615384615
2 0.433653846154 0.0711538461538 0.0134615384615 0.0153846153846
2 0.431730769231 0.0980769230769 0.0173076923077 0.0192307692308
2 0.461538461538 0.115384615385 0.0153846153846 0.0192307692308
2 0.502884615385 0.183653846154 0.025 0.0288461538462
2 0.448076923077 0.197115384615 0.0307692307692 0.0365384615385
2 0.521153846154 0.255769230769 0.0423076923077 0.0423076923077
2 0.403846153846 0.411538461538 0.0615384615385 0.0730769230769
2 0.245192307692 0.514423076923 0.0826923076923 0.0903846153846
2 0.541346153846 0.571153846154 0.0826923076923 0.107692307692
