2 0.333653846154 0.353846153846 0.0557692307692 0.0615384615385
2 0.586538461538 0.254807692308 0.0384615384615 0.0442307692308
2 0.460576923077 0.136538461538 0.0211538461538 0.0192307692308
2 0.491346153846 0.107692307692 0.0173076923077 0.0153846153846
2 0.466346153846 0.0865384615385 0.0173076923077 0.0153846153846
2 0.429807692308 0.0951923076923 0.0134615384615 0.0173076923077
3 0.453846153846 0.293269230769 0.0423076923077 0.0596153846154
3 0.441346153846 0.200961538462 0.0288461538462 0.0403846153846
6 0.513461538462 0.190384615385 0.0384615384615 0.0615384615385
7 0.542307692308 0.129807692308 0.0346153846154 0.0596153846154
