2 0.568269230769 0.918269230769 0.128846153846 0.159615384615
2 0.458653846154 0.1 0.0134615384615 0.0192307692308
2 0.458653846154 0.125961538462 0.0211538461538 0.0211538461538
2 0.463461538462 0.157692307692 0.0230769230769 0.0269230769231
2 0.410576923077 0.1625 0.025 0.025
2 0.505769230769 0.238461538462 0.0346153846154 0.0461538461538
2 0.379807692308 0.215384615385 0.0365384615385 0.0307692307692
2 0.357692307692 0.308653846154 0.05 0.0557692307692
2 0.273076923077 0.474038461538 0.0846153846154 0.0903846153846
2 0.538461538462 0.530769230769 0.0769230769231 0.0961538461538
