2 0.615384615385 0.918269230769 0.142307692308 0.159615384615
2 0.504807692308 0.0701923076923 0.0134615384615 0.0134615384615
2 0.457692307692 0.0721153846154 0.0153846153846 0.0134615384615
2 0.435576923077 0.0721153846154 0.00961538461538 0.0134615384615
2 0.504807692308 0.150961538462 0.0211538461538 0.0288461538462
2 0.438461538462 0.168269230769 0.0307692307692 0.0288461538462
2 0.580769230769 0.238461538462 0.0346153846154 0.0346153846154
2 0.515384615385 0.273076923077 0.0423076923077 0.0538461538462
2 0.350961538462 0.297115384615 0.0480769230769 0.0519230769231
2 0.423076923077 0.396153846154 0.0615384615385 0.0769230769231
