4 0.5125 0.0778846153846 0.0211538461538 0.0365384615385
2 0.526923076923 0.114423076923 0.0153846153846 0.0211538461538
2 0.463461538462 0.108653846154 0.0192307692308 0.0211538461538
2 0.514423076923 0.200961538462 0.0288461538462 0.0326923076923
2 0.4125 0.204807692308 0.0326923076923 0.0288461538462
2 0.436538461538 0.261538461538 0.0423076923077 0.0423076923077
2 0.5125 0.302884615385 0.0480769230769 0.0480769230769
2 0.597115384615 0.272115384615 0.0442307692308 0.0442307692308
2 0.435576923077 0.368269230769 0.0519230769231 0.0673076923077
2 0.539423076923 0.475961538462 0.0673076923077 0.0826923076923
2 0.379807692308 0.594230769231 0.0942307692308 0.123076923077
