2 0.630769230769 0.341346153846 0.0538461538462 0.0557692307692
2 0.540384615385 0.378846153846 0.05 0.0615384615385
2 0.424038461538 0.380769230769 0.0557692307692 0.0653846153846
2 0.377884615385 0.258653846154 0.0442307692308 0.0480769230769
2 0.496153846154 0.138461538462 0.0192307692308 0.0230769230769
2 0.529807692308 0.115384615385 0.0173076923077 0.0192307692308
2 0.456730769231 0.154807692308 0.0211538461538 0.0288461538462
2 0.416346153846 0.143269230769 0.0211538461538 0.0211538461538
2 0.457692307692 0.111538461538 0.0192307692308 0.0230769230769
2 0.433653846154 0.0913461538462 0.0211538461538 0.0173076923077
2 0.496153846154 0.118269230769 0.0153846153846 0.0134615384615
2 0.489423076923 0.0798076923077 0.0134615384615 0.0211538461538
