2 0.865384615385 0.909615384615 0.169230769231 0.176923076923
2 0.617307692308 0.360576923077 0.0576923076923 0.0634615384615
2 0.513461538462 0.261538461538 0.0423076923077 0.0538461538462
2 0.445192307692 0.208653846154 0.0288461538462 0.0326923076923
2 0.453846153846 0.138461538462 0.0192307692308 0.0192307692308
2 0.460576923077 0.1125 0.0173076923077 0.0173076923077
2 0.500961538462 0.107692307692 0.0211538461538 0.0230769230769
2 0.522115384615 0.0980769230769 0.0173076923077 0.0153846153846
2 0.461538461538 0.0894230769231 0.0153846153846 0.0134615384615
2 0.4375 0.0903846153846 0.0173076923077 0.0153846153846
