3 0.509615384615 0.230769230769 0.0346153846154 0.0461538461538
2 0.438461538462 0.273076923077 0.0384615384615 0.0423076923077
2 0.5625 0.192307692308 0.0326923076923 0.0384615384615
2 0.533653846154 0.1375 0.0211538461538 0.025
2 0.458653846154 0.120192307692 0.0211538461538 0.0211538461538
2 0.435576923077 0.130769230769 0.0173076923077 0.0192307692308
2 0.423076923077 0.117307692308 0.0192307692308 0.0192307692308
2 0.463461538462 0.0836538461538 0.0153846153846 0.0173076923077
2 0.514423076923 0.0865384615385 0.0173076923077 0.0153846153846
2 0.438461538462 0.0788461538462 0.0153846153846 0.0153846153846
