3 0.508653846154 0.0730769230769 0.0134615384615 0.0230769230769
2 0.4875 0.0923076923077 0.0173076923077 0.0153846153846
2 0.481730769231 0.0721153846154 0.0134615384615 0.0134615384615
2 0.534615384615 0.130769230769 0.0192307692308 0.0230769230769
2 0.457692307692 0.148076923077 0.0230769230769 0.0230769230769
2 0.509615384615 0.196153846154 0.0307692307692 0.0307692307692
2 0.404807692308 0.194230769231 0.0326923076923 0.0346153846154
2 0.361538461538 0.25 0.0384615384615 0.0384615384615
2 0.325 0.370192307692 0.0653846153846 0.0673076923077
2 0.404807692308 0.577884615385 0.0826923076923 0.105769230769
