7 0.525 0.0932692307692 0.0269230769231 0.0442307692308
6 0.498076923077 0.120192307692 0.0269230769231 0.0403846153846
3 0.460576923077 0.151923076923 0.0211538461538 0.0307692307692
3 0.456730769231 0.119230769231 0.0173076923077 0.0269230769231
2 0.461538461538 0.0923076923077 0.0153846153846 0.0153846153846
2 0.547115384615 0.1625 0.025 0.025
2 0.4125 0.158653846154 0.025 0.025
2 0.446153846154 0.244230769231 0.0384615384615 0.0461538461538
2 0.338461538462 0.299038461538 0.05 0.0480769230769
2 0.686538461538 0.527884615385 0.0923076923077 0.0980769230769
2 0.392307692308 0.620192307692 0.0884615384615 0.121153846154
