3 0.511538461538 0.0807692307692 0.0153846153846 0.0192307692308
2 0.464423076923 0.0826923076923 0.0173076923077 0.0153846153846
2 0.533653846154 0.134615384615 0.0173076923077 0.0192307692308
2 0.497115384615 0.125 0.0173076923077 0.0192307692308
2 0.461538461538 0.118269230769 0.0153846153846 0.0173076923077
2 0.404807692308 0.164423076923 0.0288461538462 0.0288461538462
2 0.433653846154 0.272115384615 0.0403846153846 0.0403846153846
2 0.405769230769 0.431730769231 0.0615384615385 0.075
2 0.317307692308 0.354807692308 0.0615384615385 0.0634615384615
2 0.318269230769 0.906730769231 0.155769230769 0.182692307692
