2 0.4625 0.0951923076923 0.0134615384615 0.0173076923077
2 0.464423076923 0.115384615385 0.0173076923077 0.0192307692308
2 0.432692307692 0.1125 0.0192307692308 0.0173076923077
2 0.505769230769 0.153846153846 0.0230769230769 0.0269230769231
2 0.414423076923 0.138461538462 0.0211538461538 0.0230769230769
2 0.4125 0.175 0.0288461538462 0.0269230769231
2 0.388461538462 0.213461538462 0.0346153846154 0.0346153846154
2 0.514423076923 0.266346153846 0.0403846153846 0.0403846153846
2 0.631730769231 0.361538461538 0.0519230769231 0.0576923076923
2 0.516346153846 0.345192307692 0.0442307692308 0.0557692307692
2 0.388461538462 0.403846153846 0.0576923076923 0.0692307692308
2 0.529807692308 0.582692307692 0.0826923076923 0.111538461538
