6 0.490384615385 0.0932692307692 0.0192307692308 0.0326923076923
7 0.517307692308 0.0826923076923 0.0192307692308 0.0346153846154
3 0.461538461538 0.109615384615 0.0153846153846 0.0230769230769
2 0.432692307692 0.111538461538 0.0192307692308 0.0192307692308
2 0.529807692308 0.125961538462 0.0211538461538 0.0211538461538
2 0.590384615385 0.275 0.0423076923077 0.0461538461538
2 0.457692307692 0.152884615385 0.0230769230769 0.0326923076923
2 0.398076923077 0.1625 0.0269230769231 0.025
2 0.443269230769 0.263461538462 0.0403846153846 0.0384615384615
2 0.425961538462 0.348076923077 0.0519230769231 0.0576923076923
2 0.342307692308 0.305769230769 0.05 0.0538461538462
2 0.750961538462 0.639423076923 0.113461538462 0.148076923077
