2 0.586538461538 0.897115384615 0.153846153846 0.201923076923
2 0.325 0.361538461538 0.0576923076923 0.0692307692308
3 0.434615384615 0.325961538462 0.0538461538462 0.0711538461538
2 0.442307692308 0.255769230769 0.0384615384615 0.0461538461538
2 0.516346153846 0.240384615385 0.0365384615385 0.0384615384615
2 0.453846153846 0.2 0.0307692307692 0.0346153846154
2 0.5 0.186538461538 0.0307692307692 0.0307692307692
2 0.452884615385 0.161538461538 0.025 0.0269230769231
2 0.442307692308 0.135576923077 0.0192307692308 0.0211538461538
2 0.503846153846 0.140384615385 0.0230769230769 0.0192307692308
2 0.550961538462 0.153846153846 0.025 0.0230769230769
2 0.514423076923 0.0932692307692 0.0134615384615 0.0173076923077
2 0.466346153846 0.0817307692308 0.0134615384615 0.0173076923077
4 0.506730769231 0.0653846153846 0.0173076923077 0.0269230769231
