7 0.577884615385 0.201923076923 0.0557692307692 0.1
6 0.55 0.402884615385 0.0846153846154 0.140384615385
3 0.371153846154 0.532692307692 0.0846153846154 0.126923076923
3 0.436538461538 0.100961538462 0.0153846153846 0.0211538461538
2 0.713461538462 0.570192307692 0.0961538461538 0.105769230769
2 0.446153846154 0.254807692308 0.0346153846154 0.0403846153846
2 0.502884615385 0.168269230769 0.025 0.025
2 0.505769230769 0.143269230769 0.0230769230769 0.025
2 0.460576923077 0.132692307692 0.0211538461538 0.0269230769231
2 0.408653846154 0.152884615385 0.0211538461538 0.025
2 0.4875 0.075 0.0134615384615 0.0153846153846
