2 0.794230769231 0.734615384615 0.142307692308 0.176923076923
2 0.549038461538 0.532692307692 0.0788461538462 0.0961538461538
2 0.388461538462 0.503846153846 0.0730769230769 0.0961538461538
2 0.542307692308 0.254807692308 0.0346153846154 0.0442307692308
2 0.440384615385 0.247115384615 0.0384615384615 0.0403846153846
2 0.455769230769 0.174038461538 0.0269230769231 0.0288461538462
2 0.4625 0.130769230769 0.0211538461538 0.0230769230769
2 0.467307692308 0.111538461538 0.0153846153846 0.0153846153846
2 0.523076923077 0.106730769231 0.0192307692308 0.0211538461538
2 0.466346153846 0.0836538461538 0.0134615384615 0.0134615384615
2 0.436538461538 0.0875 0.0153846153846 0.0134615384615
