2 0.460576923077 0.111538461538 0.0173076923077 0.0230769230769
2 0.522115384615 0.102884615385 0.0173076923077 0.0173076923077
2 0.425961538462 0.109615384615 0.0173076923077 0.0192307692308
2 0.454807692308 0.165384615385 0.025 0.0307692307692
2 0.554807692308 0.182692307692 0.0288461538462 0.0307692307692
2 0.438461538462 0.191346153846 0.0307692307692 0.0326923076923
2 0.401923076923 0.172115384615 0.0307692307692 0.0288461538462
2 0.607692307692 0.295192307692 0.0461538461538 0.0557692307692
2 0.345192307692 0.761538461538 0.105769230769 0.146153846154
3 0.547115384615 0.501923076923 0.075 0.107692307692
7 0.509615384615 0.0673076923077 0.0192307692308 0.0346153846154
6 0.485576923077 0.075 0.0173076923077 0.0307692307692
2 0.461538461538 0.0826923076923 0.0153846153846 0.0230769230769
2 0.439423076923 0.0836538461538 0.0134615384615 0.0173076923077
