2 0.376923076923 0.249038461538 0.0384615384615 0.0442307692308
2 0.459615384615 0.226923076923 0.0307692307692 0.0384615384615
2 0.504807692308 0.188461538462 0.0288461538462 0.0269230769231
2 0.553846153846 0.170192307692 0.0230769230769 0.025
2 0.500961538462 0.159615384615 0.025 0.0230769230769
2 0.446153846154 0.163461538462 0.0269230769231 0.0269230769231
2 0.421153846154 0.121153846154 0.0192307692308 0.0192307692308
2 0.498076923077 0.1 0.0192307692308 0.0192307692308
2 0.431730769231 0.103846153846 0.0173076923077 0.0192307692308
2 0.4625 0.0807692307692 0.0134615384615 0.0192307692308
