3 0.360576923077 0.282692307692 0.0480769230769 0.0653846153846
7 0.831730769231 0.727884615385 0.309615384615 0.540384615385
2 0.571153846154 0.6875 0.103846153846 0.140384615385
2 0.553846153846 0.389423076923 0.0538461538462 0.0673076923077
2 0.414423076923 0.410576923077 0.0596153846154 0.0788461538462
2 0.496153846154 0.125961538462 0.0192307692308 0.0211538461538
2 0.426923076923 0.121153846154 0.0192307692308 0.0192307692308
2 0.4625 0.0990384615385 0.0173076923077 0.0173076923077
2 0.431730769231 0.0913461538462 0.0173076923077 0.0173076923077
2 0.495192307692 0.0826923076923 0.0134615384615 0.0153846153846
