2 0.600961538462 0.770192307692 0.121153846154 0.167307692308
2 0.377884615385 0.631730769231 0.0903846153846 0.144230769231
2 0.527884615385 0.375961538462 0.0480769230769 0.0557692307692
2 0.549038461538 0.155769230769 0.0211538461538 0.0230769230769
2 0.453846153846 0.188461538462 0.0307692307692 0.0307692307692
2 0.417307692308 0.155769230769 0.0230769230769 0.0269230769231
2 0.485576923077 0.132692307692 0.0211538461538 0.0192307692308
2 0.4625 0.116346153846 0.0173076923077 0.0173076923077
2 0.461538461538 0.0903846153846 0.0153846153846 0.0115384615385
2 0.424038461538 0.1 0.0173076923077 0.0192307692308
