2 0.401923076923 0.508653846154 0.0730769230769 0.0942307692308
2 0.603846153846 0.302884615385 0.0461538461538 0.0480769230769
2 0.374038461538 0.257692307692 0.0442307692308 0.0423076923077
2 0.4875 0.207692307692 0.0288461538462 0.0307692307692
2 0.45 0.171153846154 0.0269230769231 0.0307692307692
2 0.394230769231 0.179807692308 0.0269230769231 0.0288461538462
2 0.501923076923 0.151923076923 0.0192307692308 0.0269230769231
2 0.495192307692 0.120192307692 0.0173076923077 0.0211538461538
2 0.460576923077 0.115384615385 0.0173076923077 0.0230769230769
2 0.4625 0.0798076923077 0.0134615384615 0.0134615384615
2 0.508653846154 0.0740384615385 0.0134615384615 0.0173076923077
