2 0.509615384615 0.0846153846154 0.0115384615385 0.0153846153846
2 0.455769230769 0.0932692307692 0.0153846153846 0.0173076923077
2 0.4625 0.118269230769 0.0173076923077 0.0173076923077
2 0.453846153846 0.152884615385 0.0269230769231 0.025
2 0.536538461538 0.1625 0.0269230769231 0.025
2 0.441346153846 0.226923076923 0.0365384615385 0.0384615384615
2 0.518269230769 0.251923076923 0.0365384615385 0.0384615384615
2 0.623076923077 0.324038461538 0.0538461538462 0.0596153846154
2 0.393269230769 0.549038461538 0.0826923076923 0.113461538462
2 0.180769230769 0.680769230769 0.123076923077 0.134615384615
2 0.566346153846 0.745192307692 0.105769230769 0.144230769231
