2 0.4875 0.0990384615385 0.0134615384615 0.0134615384615
2 0.458653846154 0.102884615385 0.0173076923077 0.0173076923077
2 0.436538461538 0.0875 0.0153846153846 0.0134615384615
2 0.554807692308 0.169230769231 0.0288461538462 0.0269230769231
2 0.425961538462 0.123076923077 0.025 0.0230769230769
2 0.511538461538 0.185576923077 0.0269230769231 0.0288461538462
2 0.455769230769 0.159615384615 0.0269230769231 0.0230769230769
2 0.446153846154 0.268269230769 0.0423076923077 0.0442307692308
2 0.525 0.347115384615 0.05 0.0519230769231
2 0.646153846154 0.384615384615 0.0538461538462 0.0576923076923
