2 0.358653846154 0.732692307692 0.109615384615 0.146153846154
2 0.445192307692 0.255769230769 0.0365384615385 0.0461538461538
2 0.536538461538 0.171153846154 0.0269230769231 0.0307692307692
2 0.459615384615 0.168269230769 0.0230769230769 0.025
2 0.539423076923 0.134615384615 0.0211538461538 0.0269230769231
2 0.496153846154 0.148076923077 0.0192307692308 0.0269230769231
2 0.459615384615 0.130769230769 0.0230769230769 0.0230769230769
2 0.416346153846 0.135576923077 0.025 0.025
2 0.491346153846 0.107692307692 0.0173076923077 0.0153846153846
2 0.461538461538 0.0990384615385 0.0153846153846 0.0173076923077
2 0.513461538462 0.0855769230769 0.0153846153846 0.0173076923077
2 0.461538461538 0.075 0.0153846153846 0.0153846153846
