2 0.659615384615 0.890384615385 0.138461538462 0.192307692308
2 0.416346153846 0.446153846154 0.0634615384615 0.0807692307692
2 0.453846153846 0.263461538462 0.0384615384615 0.05
2 0.547115384615 0.163461538462 0.025 0.0269230769231
2 0.457692307692 0.185576923077 0.0307692307692 0.0288461538462
2 0.470192307692 0.122115384615 0.0211538461538 0.0173076923077
2 0.424038461538 0.132692307692 0.0211538461538 0.0230769230769
2 0.495192307692 0.102884615385 0.0173076923077 0.0173076923077
2 0.455769230769 0.106730769231 0.0192307692308 0.0173076923077
2 0.426923076923 0.107692307692 0.0153846153846 0.0153846153846
2 0.461538461538 0.0759615384615 0.0153846153846 0.0134615384615
