3 0.454807692308 0.185576923077 0.0288461538462 0.0403846153846
2 0.514423076923 0.304807692308 0.0480769230769 0.0557692307692
2 0.398076923077 0.186538461538 0.0307692307692 0.0307692307692
2 0.509615384615 0.157692307692 0.0230769230769 0.0269230769231
2 0.494230769231 0.132692307692 0.0192307692308 0.0192307692308
2 0.525961538462 0.105769230769 0.0173076923077 0.0192307692308
2 0.492307692308 0.105769230769 0.0153846153846 0.0192307692308
2 0.455769230769 0.152884615385 0.0230769230769 0.0173076923077
2 0.456730769231 0.134615384615 0.0173076923077 0.0230769230769
2 0.460576923077 0.113461538462 0.0211538461538 0.0153846153846
2 0.453846153846 0.0971153846154 0.0192307692308 0.0134615384615
4 0.500961538462 0.0528846153846 0.0173076923077 0.0288461538462
2 0.470192307692 0.0625 0.0134615384615 0.0173076923077
