3 0.4875 0.0894230769231 0.0134615384615 0.0211538461538
2 0.458653846154 0.114423076923 0.0211538461538 0.0211538461538
2 0.533653846154 0.131730769231 0.0173076923077 0.0288461538462
2 0.456730769231 0.165384615385 0.025 0.0269230769231
2 0.454807692308 0.254807692308 0.0365384615385 0.0442307692308
2 0.423076923077 0.323076923077 0.05 0.0615384615385
2 0.55 0.424038461538 0.0615384615385 0.0711538461538
2 0.3875 0.617307692308 0.0903846153846 0.138461538462
2 0.686538461538 0.555769230769 0.0807692307692 0.1
2 0.439423076923 0.075 0.0134615384615 0.0192307692308
