2 0.525961538462 0.0961538461538 0.0173076923077 0.0192307692308
2 0.460576923077 0.109615384615 0.0173076923077 0.0192307692308
2 0.457692307692 0.136538461538 0.0230769230769 0.0230769230769
2 0.506730769231 0.135576923077 0.0211538461538 0.0211538461538
2 0.552884615385 0.171153846154 0.025 0.0269230769231
2 0.5125 0.180769230769 0.025 0.0307692307692
2 0.448076923077 0.204807692308 0.0307692307692 0.0326923076923
2 0.521153846154 0.247115384615 0.0384615384615 0.0403846153846
2 0.418269230769 0.398076923077 0.0596153846154 0.0807692307692
2 0.281730769231 0.436538461538 0.0711538461538 0.0730769230769
2 0.576923076923 0.550961538462 0.0846153846154 0.109615384615
