5 0.694230769231 0.399038461538 0.176923076923 0.313461538462
2 0.525 0.358653846154 0.05 0.0634615384615
2 0.520192307692 0.280769230769 0.0403846153846 0.0384615384615
2 0.476923076923 0.246153846154 0.0346153846154 0.0384615384615
2 0.408653846154 0.170192307692 0.025 0.025
2 0.520192307692 0.1 0.0173076923077 0.0192307692308
2 0.494230769231 0.115384615385 0.0192307692308 0.0192307692308
2 0.461538461538 0.129807692308 0.0230769230769 0.025
2 0.423076923077 0.125961538462 0.0192307692308 0.0173076923077
2 0.4625 0.100961538462 0.0173076923077 0.0173076923077
2 0.433653846154 0.0865384615385 0.0134615384615 0.0153846153846
