2 0.486538461538 0.0778846153846 0.0153846153846 0.0173076923077
2 0.461538461538 0.0769230769231 0.0153846153846 0.0153846153846
2 0.456730769231 0.108653846154 0.0173076923077 0.0173076923077
2 0.548076923077 0.165384615385 0.0230769230769 0.0269230769231
2 0.460576923077 0.152884615385 0.025 0.025
2 0.402884615385 0.166346153846 0.025 0.0211538461538
2 0.452884615385 0.201923076923 0.0326923076923 0.0307692307692
2 0.524038461538 0.275961538462 0.0403846153846 0.0442307692308
2 0.417307692308 0.376923076923 0.05 0.0615384615385
2 0.321153846154 0.509615384615 0.0730769230769 0.0923076923077
