5 0.625961538462 0.276923076923 0.101923076923 0.203846153846
5 0.565384615385 0.157692307692 0.05 0.107692307692
2 0.530769230769 0.343269230769 0.0538461538462 0.0519230769231
2 0.420192307692 0.385576923077 0.0519230769231 0.0673076923077
2 0.5 0.203846153846 0.0307692307692 0.0384615384615
2 0.443269230769 0.215384615385 0.0326923076923 0.0423076923077
2 0.397115384615 0.170192307692 0.0288461538462 0.025
2 0.450961538462 0.166346153846 0.025 0.025
2 0.496153846154 0.144230769231 0.0192307692308 0.0230769230769
2 0.491346153846 0.104807692308 0.0173076923077 0.0211538461538
2 0.463461538462 0.104807692308 0.0192307692308 0.0211538461538
