2 0.565384615385 0.686538461538 0.0923076923077 0.130769230769
2 0.425 0.561538461538 0.0730769230769 0.107692307692
2 0.344230769231 0.308653846154 0.0461538461538 0.0480769230769
2 0.452884615385 0.192307692308 0.0288461538462 0.0307692307692
2 0.396153846154 0.204807692308 0.0307692307692 0.0326923076923
2 0.501923076923 0.164423076923 0.0230769230769 0.0288461538462
2 0.530769230769 0.124038461538 0.0192307692308 0.0211538461538
2 0.457692307692 0.135576923077 0.0230769230769 0.0211538461538
2 0.425 0.115384615385 0.0192307692308 0.0192307692308
2 0.463461538462 0.108653846154 0.0192307692308 0.0211538461538
2 0.461538461538 0.0826923076923 0.0153846153846 0.0153846153846
