2 0.515384615385 0.0884615384615 0.0153846153846 0.0192307692308
2 0.4625 0.0826923076923 0.0134615384615 0.0153846153846
2 0.438461538462 0.0740384615385 0.0115384615385 0.0134615384615
2 0.428846153846 0.103846153846 0.0192307692308 0.0192307692308
2 0.463461538462 0.115384615385 0.0192307692308 0.0230769230769
2 0.510576923077 0.165384615385 0.0288461538462 0.0307692307692
2 0.404807692308 0.180769230769 0.0326923076923 0.0384615384615
2 0.454807692308 0.223076923077 0.0326923076923 0.0461538461538
2 0.366346153846 0.265384615385 0.0442307692308 0.0423076923077
2 0.555769230769 0.486538461538 0.0730769230769 0.0846153846154
