2 0.270192307692 0.514423076923 0.0865384615385 0.0942307692308
2 0.334615384615 0.332692307692 0.0538461538462 0.0615384615385
2 0.396153846154 0.204807692308 0.0307692307692 0.0365384615385
2 0.452884615385 0.198076923077 0.0288461538462 0.0269230769231
2 0.500961538462 0.125 0.0211538461538 0.0192307692308
2 0.458653846154 0.108653846154 0.0211538461538 0.0211538461538
2 0.430769230769 0.0990384615385 0.0153846153846 0.0173076923077
2 0.491346153846 0.101923076923 0.0173076923077 0.0192307692308
2 0.5125 0.0798076923077 0.0173076923077 0.0173076923077
2 0.457692307692 0.0865384615385 0.0153846153846 0.0153846153846
