5 0.823076923077 0.65 0.334615384615 0.6
5 0.611538461538 0.243269230769 0.0884615384615 0.171153846154
2 0.409615384615 0.454807692308 0.0692307692308 0.0942307692308
2 0.516346153846 0.372115384615 0.0557692307692 0.0711538461538
2 0.317307692308 0.340384615385 0.0538461538462 0.0576923076923
2 0.416346153846 0.290384615385 0.0442307692308 0.0461538461538
2 0.501923076923 0.219230769231 0.0307692307692 0.0346153846154
2 0.498076923077 0.143269230769 0.0230769230769 0.025
2 0.458653846154 0.146153846154 0.025 0.0269230769231
2 0.461538461538 0.102884615385 0.0153846153846 0.0173076923077
2 0.488461538462 0.0875 0.0153846153846 0.0173076923077
