2 0.159615384615 0.773076923077 0.134615384615 0.157692307692
2 0.3875 0.627884615385 0.0903846153846 0.125
2 0.515384615385 0.204807692308 0.0307692307692 0.0365384615385
2 0.453846153846 0.172115384615 0.0269230769231 0.0288461538462
2 0.401923076923 0.165384615385 0.0230769230769 0.0230769230769
2 0.5 0.145192307692 0.0230769230769 0.0211538461538
2 0.456730769231 0.120192307692 0.0173076923077 0.0211538461538
2 0.496153846154 0.113461538462 0.0153846153846 0.0192307692308
2 0.527884615385 0.110576923077 0.0173076923077 0.0211538461538
2 0.4625 0.0903846153846 0.0173076923077 0.0192307692308
