3 0.443269230769 0.282692307692 0.0442307692308 0.0653846153846
5 0.561538461538 0.154807692308 0.05 0.101923076923
5 0.535576923077 0.104807692308 0.0326923076923 0.0711538461538
2 0.502884615385 0.163461538462 0.025 0.0269230769231
2 0.453846153846 0.177884615385 0.0269230769231 0.0326923076923
2 0.490384615385 0.126923076923 0.0192307692308 0.0230769230769
2 0.456730769231 0.125961538462 0.0211538461538 0.0211538461538
2 0.491346153846 0.1 0.0173076923077 0.0153846153846
2 0.427884615385 0.1 0.0173076923077 0.0153846153846
2 0.461538461538 0.103846153846 0.0153846153846 0.0153846153846
