3 0.464423076923 0.0711538461538 0.0173076923077 0.0269230769231
2 0.501923076923 0.0692307692308 0.0192307692308 0.0153846153846
2 0.5125 0.108653846154 0.0173076923077 0.0173076923077
2 0.526923076923 0.0971153846154 0.0153846153846 0.0134615384615
2 0.492307692308 0.1 0.0192307692308 0.0192307692308
2 0.460576923077 0.121153846154 0.0211538461538 0.0230769230769
2 0.432692307692 0.106730769231 0.0192307692308 0.0211538461538
2 0.519230769231 0.247115384615 0.0346153846154 0.0365384615385
2 0.345192307692 0.335576923077 0.0557692307692 0.0557692307692
2 0.193269230769 0.790384615385 0.159615384615 0.176923076923
