2 0.461538461538 0.0826923076923 0.0153846153846 0.0153846153846
2 0.438461538462 0.0971153846154 0.0192307692308 0.0173076923077
2 0.492307692308 0.102884615385 0.0153846153846 0.0134615384615
2 0.519230769231 0.101923076923 0.0153846153846 0.0153846153846
2 0.456730769231 0.122115384615 0.0173076923077 0.0211538461538
2 0.456730769231 0.157692307692 0.025 0.0269230769231
2 0.454807692308 0.214423076923 0.0326923076923 0.0365384615385
2 0.355769230769 0.301923076923 0.0461538461538 0.05
2 0.625961538462 0.364423076923 0.0596153846154 0.0596153846154
2 0.385576923077 0.774038461538 0.113461538462 0.163461538462
