2 0.391346153846 0.775961538462 0.117307692308 0.167307692308
2 0.432692307692 0.342307692308 0.05 0.0615384615385
2 0.441346153846 0.223076923077 0.0326923076923 0.0384615384615
2 0.501923076923 0.158653846154 0.0230769230769 0.025
2 0.545192307692 0.144230769231 0.0211538461538 0.0230769230769
2 0.418269230769 0.151923076923 0.0288461538462 0.0269230769231
2 0.458653846154 0.121153846154 0.0211538461538 0.0230769230769
2 0.493269230769 0.0980769230769 0.0134615384615 0.0153846153846
2 0.436538461538 0.0942307692308 0.0153846153846 0.0153846153846
2 0.471153846154 0.0865384615385 0.0153846153846 0.0153846153846
2 0.4875 0.0817307692308 0.0134615384615 0.0173076923077
