3 0.502884615385 0.143269230769 0.025 0.0326923076923
2 0.600961538462 0.630769230769 0.0942307692308 0.111538461538
2 0.392307692308 0.503846153846 0.0807692307692 0.1
2 0.524038461538 0.292307692308 0.0442307692308 0.05
2 0.546153846154 0.148076923077 0.0230769230769 0.0269230769231
2 0.495192307692 0.114423076923 0.0173076923077 0.0173076923077
2 0.4625 0.136538461538 0.0211538461538 0.0230769230769
2 0.424038461538 0.138461538462 0.0211538461538 0.0230769230769
2 0.428846153846 0.115384615385 0.0192307692308 0.0192307692308
2 0.493269230769 0.0903846153846 0.0173076923077 0.0192307692308
2 0.436538461538 0.0855769230769 0.0153846153846 0.0173076923077
2 0.4625 0.0807692307692 0.0134615384615 0.0153846153846
