2 0.497115384615 0.115384615385 0.0173076923077 0.0192307692308
2 0.428846153846 0.102884615385 0.0192307692308 0.0211538461538
2 0.457692307692 0.121153846154 0.0230769230769 0.0192307692308
2 0.454807692308 0.141346153846 0.0211538461538 0.0211538461538
2 0.465384615385 0.1625 0.0230769230769 0.025
2 0.510576923077 0.168269230769 0.0288461538462 0.025
2 0.570192307692 0.208653846154 0.0326923076923 0.0288461538462
2 0.450961538462 0.202884615385 0.0326923076923 0.0326923076923
2 0.392307692308 0.190384615385 0.0307692307692 0.0307692307692
2 0.420192307692 0.358653846154 0.0557692307692 0.0634615384615
