2 0.5625 0.540384615385 0.0826923076923 0.103846153846
2 0.227884615385 0.611538461538 0.117307692308 0.130769230769
2 0.55 0.177884615385 0.0307692307692 0.0288461538462
2 0.533653846154 0.127884615385 0.0211538461538 0.0211538461538
2 0.454807692308 0.150961538462 0.0211538461538 0.0211538461538
2 0.423076923077 0.120192307692 0.0192307692308 0.025
2 0.461538461538 0.113461538462 0.0153846153846 0.0153846153846
2 0.495192307692 0.103846153846 0.0173076923077 0.0153846153846
2 0.465384615385 0.0855769230769 0.0153846153846 0.0173076923077
3 0.501923076923 0.140384615385 0.0269230769231 0.0307692307692
