2 0.575 0.709615384615 0.1 0.138461538462
2 0.575961538462 0.226923076923 0.0326923076923 0.0423076923077
2 0.5125 0.211538461538 0.0326923076923 0.0423076923077
2 0.535576923077 0.128846153846 0.0211538461538 0.0230769230769
2 0.446153846154 0.218269230769 0.0346153846154 0.0365384615385
2 0.395192307692 0.1875 0.0288461538462 0.0326923076923
2 0.423076923077 0.130769230769 0.0230769230769 0.0230769230769
2 0.479807692308 0.120192307692 0.0211538461538 0.0211538461538
2 0.461538461538 0.0884615384615 0.0153846153846 0.0192307692308
4 0.504807692308 0.135576923077 0.0326923076923 0.0711538461538
2 0.440384615385 0.0826923076923 0.0153846153846 0.0153846153846
