4 0.697115384615 0.495192307692 0.182692307692 0.321153846154
2 0.394230769231 0.593269230769 0.0846153846154 0.105769230769
2 0.268269230769 0.485576923077 0.0865384615385 0.0903846153846
2 0.524038461538 0.333653846154 0.0480769230769 0.0519230769231
2 0.35 0.280769230769 0.0423076923077 0.0423076923077
2 0.444230769231 0.238461538462 0.0384615384615 0.0461538461538
2 0.548076923077 0.160576923077 0.0269230769231 0.025
2 0.454807692308 0.129807692308 0.0211538461538 0.0211538461538
2 0.460576923077 0.104807692308 0.0173076923077 0.0173076923077
2 0.510576923077 0.0798076923077 0.0173076923077 0.0211538461538
2 0.439423076923 0.0769230769231 0.0134615384615 0.0153846153846
