2 0.492307692308 0.101923076923 0.0153846153846 0.0153846153846
2 0.4625 0.0855769230769 0.0173076923077 0.0173076923077
2 0.572115384615 0.203846153846 0.0288461538462 0.0346153846154
2 0.456730769231 0.1375 0.0211538461538 0.025
2 0.419230769231 0.124038461538 0.0192307692308 0.0211538461538
2 0.458653846154 0.209615384615 0.0326923076923 0.0346153846154
2 0.365384615385 0.272115384615 0.0461538461538 0.0519230769231
2 0.690384615385 0.502884615385 0.0884615384615 0.0980769230769
2 0.568269230769 0.619230769231 0.101923076923 0.146153846154
2 0.358653846154 0.765384615385 0.121153846154 0.176923076923
2 0.192307692308 0.628846153846 0.119230769231 0.146153846154
4 0.527884615385 0.240384615385 0.0634615384615 0.134615384615
