2 0.494230769231 0.0951923076923 0.0192307692308 0.0211538461538
2 0.502884615385 0.153846153846 0.025 0.0230769230769
2 0.45 0.172115384615 0.0269230769231 0.0288461538462
2 0.406730769231 0.150961538462 0.025 0.0288461538462
2 0.446153846154 0.213461538462 0.0346153846154 0.0346153846154
2 0.453846153846 0.25 0.0384615384615 0.0384615384615
2 0.527884615385 0.259615384615 0.0442307692308 0.0461538461538
2 0.647115384615 0.395192307692 0.0634615384615 0.0673076923077
2 0.425961538462 0.392307692308 0.0557692307692 0.0692307692308
2 0.286538461538 0.433653846154 0.0769230769231 0.0788461538462
