2 0.525 0.107692307692 0.0192307692308 0.0230769230769
2 0.459615384615 0.131730769231 0.0230769230769 0.025
2 0.417307692308 0.138461538462 0.0230769230769 0.0230769230769
2 0.416346153846 0.168269230769 0.025 0.025
2 0.501923076923 0.168269230769 0.0269230769231 0.025
2 0.453846153846 0.201923076923 0.0307692307692 0.0269230769231
2 0.365384615385 0.279807692308 0.0423076923077 0.0480769230769
4 0.568269230769 0.192307692308 0.0557692307692 0.1
2 0.445192307692 0.0855769230769 0.0134615384615 0.0211538461538
2 0.464423076923 0.0759615384615 0.0173076923077 0.0173076923077
