2 0.585576923077 0.853846153846 0.132692307692 0.184615384615
2 0.524038461538 0.364423076923 0.0557692307692 0.0596153846154
2 0.322115384615 0.358653846154 0.0519230769231 0.0596153846154
2 0.385576923077 0.224038461538 0.0365384615385 0.0442307692308
2 0.582692307692 0.233653846154 0.0307692307692 0.0365384615385
2 0.454807692308 0.147115384615 0.0211538461538 0.0211538461538
2 0.501923076923 0.129807692308 0.0192307692308 0.0211538461538
2 0.486538461538 0.108653846154 0.0153846153846 0.0173076923077
2 0.458653846154 0.114423076923 0.0211538461538 0.0211538461538
2 0.425961538462 0.109615384615 0.0173076923077 0.0192307692308
2 0.517307692308 0.0951923076923 0.0153846153846 0.0211538461538
