5 0.508653846154 0.0576923076923 0.0211538461538 0.0423076923077
2 0.458653846154 0.0875 0.0173076923077 0.0134615384615
2 0.461538461538 0.115384615385 0.0153846153846 0.0192307692308
2 0.533653846154 0.125 0.0173076923077 0.0192307692308
2 0.499038461538 0.159615384615 0.0211538461538 0.0269230769231
2 0.450961538462 0.182692307692 0.0288461538462 0.0307692307692
2 0.391346153846 0.188461538462 0.0326923076923 0.0346153846154
2 0.517307692308 0.217307692308 0.0346153846154 0.0346153846154
2 0.435576923077 0.281730769231 0.0403846153846 0.0480769230769
2 0.730769230769 0.588461538462 0.0923076923077 0.111538461538
