3 0.456730769231 0.124038461538 0.025 0.0288461538462
3 0.519230769231 0.263461538462 0.0423076923077 0.0615384615385
5 0.528846153846 0.0913461538462 0.0307692307692 0.0596153846154
2 0.491346153846 0.109615384615 0.0173076923077 0.0192307692308
2 0.420192307692 0.125961538462 0.0173076923077 0.0211538461538
2 0.449038461538 0.1 0.0173076923077 0.0192307692308
2 0.499038461538 0.1375 0.0211538461538 0.0211538461538
2 0.539423076923 0.149038461538 0.025 0.025
2 0.503846153846 0.183653846154 0.0307692307692 0.0288461538462
2 0.452884615385 0.1625 0.0288461538462 0.025
2 0.574038461538 0.221153846154 0.0326923076923 0.0384615384615
2 0.432692307692 0.295192307692 0.0384615384615 0.0442307692308
2 0.549038461538 0.475 0.0634615384615 0.0884615384615
