2 0.152884615385 0.707692307692 0.144230769231 0.146153846154
2 0.400961538462 0.540384615385 0.075 0.0923076923077
2 0.354807692308 0.272115384615 0.0442307692308 0.0480769230769
2 0.441346153846 0.245192307692 0.0365384615385 0.0365384615385
2 0.375 0.213461538462 0.0384615384615 0.0423076923077
2 0.458653846154 0.160576923077 0.025 0.025
2 0.404807692308 0.168269230769 0.0288461538462 0.025
2 0.423076923077 0.125961538462 0.0230769230769 0.0211538461538
2 0.429807692308 0.104807692308 0.0173076923077 0.0211538461538
2 0.4625 0.0865384615385 0.0173076923077 0.0153846153846
