5 0.575961538462 0.1875 0.0634615384615 0.125
3 0.380769230769 0.501923076923 0.0884615384615 0.126923076923
2 0.725 0.601923076923 0.1 0.111538461538
2 0.107692307692 0.840384615385 0.173076923077 0.2
2 0.538461538462 0.469230769231 0.0615384615385 0.0807692307692
2 0.517307692308 0.267307692308 0.0384615384615 0.0423076923077
2 0.431730769231 0.242307692308 0.0365384615385 0.0423076923077
2 0.503846153846 0.183653846154 0.0269230769231 0.025
2 0.449038461538 0.178846153846 0.0288461538462 0.0307692307692
2 0.499038461538 0.145192307692 0.0211538461538 0.0211538461538
2 0.490384615385 0.111538461538 0.0192307692308 0.0192307692308
2 0.429807692308 0.103846153846 0.0173076923077 0.0192307692308
