2 0.347115384615 0.858653846154 0.132692307692 0.194230769231
2 0.550961538462 0.426923076923 0.0634615384615 0.0692307692308
2 0.424038461538 0.325 0.0480769230769 0.0538461538462
2 0.302884615385 0.391346153846 0.0673076923077 0.075
2 0.511538461538 0.233653846154 0.0346153846154 0.0365384615385
2 0.550961538462 0.1625 0.0211538461538 0.025
2 0.456730769231 0.166346153846 0.025 0.0288461538462
2 0.454807692308 0.121153846154 0.0173076923077 0.0192307692308
5 0.515384615385 0.0682692307692 0.0230769230769 0.0442307692308
2 0.488461538462 0.0855769230769 0.0153846153846 0.0173076923077
