3 0.441346153846 0.220192307692 0.0365384615385 0.0480769230769
5 0.546153846154 0.129807692308 0.0384615384615 0.0903846153846
2 0.699038461538 0.552884615385 0.0980769230769 0.125
2 0.533653846154 0.389423076923 0.0596153846154 0.0634615384615
2 0.421153846154 0.353846153846 0.05 0.0615384615385
2 0.588461538462 0.267307692308 0.0423076923077 0.0423076923077
2 0.510576923077 0.235576923077 0.0288461538462 0.0403846153846
2 0.371153846154 0.245192307692 0.0384615384615 0.0365384615385
2 0.501923076923 0.168269230769 0.0269230769231 0.025
2 0.45 0.153846153846 0.0230769230769 0.0269230769231
2 0.497115384615 0.129807692308 0.0211538461538 0.0211538461538
2 0.455769230769 0.125 0.0230769230769 0.0192307692308
2 0.492307692308 0.105769230769 0.0153846153846 0.0153846153846
