5 0.597115384615 0.216346153846 0.0711538461538 0.151923076923
2 0.575961538462 0.683653846154 0.109615384615 0.144230769231
2 0.367307692308 0.6 0.0884615384615 0.111538461538
2 0.431730769231 0.352884615385 0.0557692307692 0.0596153846154
2 0.365384615385 0.256730769231 0.0461538461538 0.0403846153846
2 0.505769230769 0.208653846154 0.0346153846154 0.0365384615385
2 0.444230769231 0.189423076923 0.0307692307692 0.0288461538462
2 0.496153846154 0.126923076923 0.0192307692308 0.0230769230769
2 0.460576923077 0.120192307692 0.0173076923077 0.0211538461538
2 0.424038461538 0.117307692308 0.0211538461538 0.0192307692308
2 0.488461538462 0.0846153846154 0.0153846153846 0.0192307692308
