5 0.643269230769 0.319230769231 0.125 0.238461538462
5 0.531730769231 0.0980769230769 0.0288461538462 0.0653846153846
2 0.526923076923 0.370192307692 0.05 0.0634615384615
2 0.431730769231 0.283653846154 0.0442307692308 0.0519230769231
2 0.520192307692 0.220192307692 0.0365384615385 0.0365384615385
2 0.455769230769 0.198076923077 0.0269230769231 0.0269230769231
2 0.5 0.15 0.0230769230769 0.0269230769231
2 0.457692307692 0.135576923077 0.0192307692308 0.0211538461538
2 0.4625 0.113461538462 0.0173076923077 0.0192307692308
2 0.501923076923 0.0990384615385 0.0153846153846 0.0173076923077
2 0.436538461538 0.0894230769231 0.0153846153846 0.0173076923077
