2 0.322115384615 0.896153846154 0.159615384615 0.196153846154
2 0.552884615385 0.404807692308 0.0557692307692 0.075
2 0.428846153846 0.378846153846 0.05 0.0615384615385
2 0.511538461538 0.227884615385 0.0384615384615 0.0403846153846
2 0.444230769231 0.207692307692 0.0307692307692 0.0346153846154
2 0.456730769231 0.164423076923 0.025 0.025
2 0.499038461538 0.128846153846 0.0211538461538 0.0230769230769
2 0.458653846154 0.113461538462 0.0211538461538 0.0192307692308
2 0.422115384615 0.128846153846 0.0211538461538 0.0230769230769
5 0.550961538462 0.131730769231 0.0403846153846 0.0865384615385
5 0.856730769231 0.739423076923 0.271153846154 0.517307692308
