2 0.4625 0.0971153846154 0.0173076923077 0.0173076923077
2 0.490384615385 0.109615384615 0.0192307692308 0.0192307692308
2 0.505769230769 0.149038461538 0.0230769230769 0.025
2 0.459615384615 0.134615384615 0.0192307692308 0.0230769230769
2 0.450961538462 0.167307692308 0.025 0.0269230769231
2 0.506730769231 0.203846153846 0.0326923076923 0.0307692307692
2 0.564423076923 0.606730769231 0.0903846153846 0.121153846154
2 0.742307692308 0.650961538462 0.111538461538 0.132692307692
5 0.576923076923 0.188461538462 0.0653846153846 0.123076923077
5 0.522115384615 0.0817307692308 0.025 0.0557692307692
