2 0.417307692308 0.144230769231 0.0230769230769 0.0230769230769
2 0.431730769231 0.291346153846 0.0442307692308 0.0480769230769
2 0.338461538462 0.298076923077 0.0461538461538 0.0461538461538
2 0.6625 0.470192307692 0.0673076923077 0.0826923076923
2 0.394230769231 0.729807692308 0.103846153846 0.148076923077
3 0.457692307692 0.132692307692 0.0269230769231 0.0461538461538
4 0.510576923077 0.228846153846 0.0596153846154 0.107692307692
5 0.607692307692 0.239423076923 0.0769230769231 0.163461538462
2 0.483653846154 0.0730769230769 0.0134615384615 0.0192307692308
2 0.464423076923 0.075 0.0134615384615 0.0192307692308
