2 0.458653846154 0.133653846154 0.0211538461538 0.0211538461538
2 0.460576923077 0.110576923077 0.0211538461538 0.0211538461538
2 0.435576923077 0.0942307692308 0.0173076923077 0.0192307692308
2 0.503846153846 0.158653846154 0.0230769230769 0.025
2 0.411538461538 0.155769230769 0.0269230769231 0.0307692307692
2 0.447115384615 0.267307692308 0.0365384615385 0.0461538461538
2 0.523076923077 0.303846153846 0.0423076923077 0.0538461538462
2 0.630769230769 0.366346153846 0.05 0.0557692307692
2 0.465384615385 0.0846153846154 0.0115384615385 0.0192307692308
2 0.492307692308 0.0846153846154 0.0153846153846 0.0192307692308
