2 0.497115384615 0.101923076923 0.0173076923077 0.0230769230769
2 0.4625 0.127884615385 0.0173076923077 0.025
2 0.417307692308 0.130769230769 0.0192307692308 0.0230769230769
2 0.408653846154 0.159615384615 0.0288461538462 0.0230769230769
2 0.452884615385 0.168269230769 0.025 0.025
2 0.388461538462 0.201923076923 0.0307692307692 0.0269230769231
2 0.446153846154 0.223076923077 0.0346153846154 0.0384615384615
2 0.526923076923 0.281730769231 0.0346153846154 0.0403846153846
2 0.5375 0.423076923077 0.0634615384615 0.0730769230769
2 0.565384615385 0.605769230769 0.0884615384615 0.111538461538
