2 0.519230769231 0.100961538462 0.0192307692308 0.0173076923077
2 0.503846153846 0.166346153846 0.0269230769231 0.0288461538462
2 0.454807692308 0.172115384615 0.0288461538462 0.025
2 0.411538461538 0.225961538462 0.0346153846154 0.0403846153846
2 0.425961538462 0.321153846154 0.0557692307692 0.0653846153846
2 0.390384615385 0.5375 0.0730769230769 0.0980769230769
2 0.565384615385 0.581730769231 0.0807692307692 0.105769230769
2 0.461538461538 0.0788461538462 0.0153846153846 0.0192307692308
2 0.491346153846 0.075 0.0173076923077 0.0192307692308
2 0.436538461538 0.0817307692308 0.0153846153846 0.0173076923077
