2 0.491346153846 0.0980769230769 0.0173076923077 0.0153846153846
2 0.552884615385 0.153846153846 0.0211538461538 0.0230769230769
6 0.551923076923 0.163461538462 0.0307692307692 0.0538461538462
2 0.457692307692 0.166346153846 0.0230769230769 0.025
2 0.4125 0.188461538462 0.0288461538462 0.0307692307692
2 0.504807692308 0.229807692308 0.0365384615385 0.0365384615385
2 0.593269230769 0.250961538462 0.0365384615385 0.0365384615385
2 0.430769230769 0.298076923077 0.0461538461538 0.0538461538462
2 0.534615384615 0.402884615385 0.0615384615385 0.0711538461538
2 0.461538461538 0.0855769230769 0.0192307692308 0.0173076923077
