3 0.499038461538 0.144230769231 0.0211538461538 0.0346153846154
3 0.515384615385 0.231730769231 0.0346153846154 0.0442307692308
2 0.331730769231 0.907692307692 0.159615384615 0.176923076923
2 0.517307692308 0.308653846154 0.0423076923077 0.0480769230769
2 0.582692307692 0.266346153846 0.0384615384615 0.0442307692308
2 0.460576923077 0.113461538462 0.0211538461538 0.0192307692308
2 0.450961538462 0.1375 0.0211538461538 0.0211538461538
2 0.446153846154 0.173076923077 0.0269230769231 0.0269230769231
2 0.442307692308 0.257692307692 0.0423076923077 0.0423076923077
2 0.334615384615 0.321153846154 0.05 0.05
2 0.4625 0.0788461538462 0.0134615384615 0.0192307692308
