7 0.646153846154 0.349038461538 0.123076923077 0.217307692308
3 0.453846153846 0.2125 0.0307692307692 0.0442307692308
2 0.422115384615 0.129807692308 0.0211538461538 0.0211538461538
2 0.458653846154 0.158653846154 0.025 0.025
2 0.500961538462 0.182692307692 0.0326923076923 0.0269230769231
2 0.504807692308 0.266346153846 0.0403846153846 0.0403846153846
2 0.404807692308 0.360576923077 0.0557692307692 0.0634615384615
2 0.588461538462 0.891346153846 0.138461538462 0.198076923077
2 0.520192307692 0.0961538461538 0.0173076923077 0.0192307692308
2 0.484615384615 0.0903846153846 0.0192307692308 0.0230769230769
