6 0.597115384615 0.275961538462 0.0596153846154 0.0865384615385
2 0.599038461538 0.268269230769 0.0403846153846 0.0403846153846
2 0.579807692308 0.743269230769 0.117307692308 0.144230769231
2 0.714423076923 0.542307692308 0.0903846153846 0.0961538461538
2 0.354807692308 0.545192307692 0.075 0.101923076923
2 0.433653846154 0.325 0.0442307692308 0.0461538461538
2 0.498076923077 0.148076923077 0.0230769230769 0.0269230769231
2 0.461538461538 0.124038461538 0.0230769230769 0.0211538461538
2 0.493269230769 0.0980769230769 0.0173076923077 0.0153846153846
2 0.445192307692 0.0846153846154 0.0173076923077 0.0192307692308
