2 0.493269230769 0.109615384615 0.0211538461538 0.0192307692308
2 0.459615384615 0.109615384615 0.0192307692308 0.0192307692308
2 0.424038461538 0.114423076923 0.0211538461538 0.0173076923077
2 0.460576923077 0.0923076923077 0.0173076923077 0.0153846153846
2 0.503846153846 0.136538461538 0.0192307692308 0.0192307692308
2 0.502884615385 0.167307692308 0.025 0.0269230769231
2 0.511538461538 0.278846153846 0.0423076923077 0.0423076923077
2 0.4 0.475 0.0730769230769 0.0884615384615
2 0.211538461538 0.599038461538 0.103846153846 0.101923076923
7 0.523076923077 0.0875 0.0269230769231 0.0442307692308
7 0.614423076923 0.268269230769 0.0788461538462 0.140384615385
