2 0.490384615385 0.110576923077 0.0192307692308 0.0211538461538
2 0.500961538462 0.145192307692 0.025 0.0211538461538
3 0.463461538462 0.120192307692 0.0192307692308 0.025
2 0.449038461538 0.1625 0.025 0.025
2 0.506730769231 0.239423076923 0.0365384615385 0.0365384615385
2 0.440384615385 0.252884615385 0.0384615384615 0.0365384615385
2 0.532692307692 0.345192307692 0.0461538461538 0.0557692307692
2 0.417307692308 0.469230769231 0.0653846153846 0.0923076923077
2 0.605769230769 0.776923076923 0.111538461538 0.161538461538
7 0.566346153846 0.180769230769 0.0557692307692 0.1
2 0.436538461538 0.0865384615385 0.0153846153846 0.0192307692308
