7 0.5375 0.121153846154 0.0365384615385 0.0576923076923
7 0.861538461538 0.753846153846 0.273076923077 0.488461538462
2 0.492307692308 0.0980769230769 0.0192307692308 0.0153846153846
2 0.453846153846 0.101923076923 0.0230769230769 0.0153846153846
2 0.492307692308 0.131730769231 0.0230769230769 0.0211538461538
2 0.454807692308 0.135576923077 0.025 0.0211538461538
2 0.501923076923 0.168269230769 0.0269230769231 0.025
2 0.451923076923 0.180769230769 0.0269230769231 0.0269230769231
2 0.381730769231 0.209615384615 0.0288461538462 0.0346153846154
2 0.519230769231 0.2375 0.0307692307692 0.0442307692308
2 0.527884615385 0.343269230769 0.0480769230769 0.0596153846154
