2 0.327884615385 0.863461538462 0.121153846154 0.184615384615
2 0.438461538462 0.278846153846 0.0461538461538 0.05
2 0.360576923077 0.263461538462 0.0365384615385 0.0384615384615
2 0.543269230769 0.163461538462 0.025 0.0269230769231
2 0.500961538462 0.173076923077 0.025 0.0230769230769
2 0.5 0.143269230769 0.0230769230769 0.025
2 0.456730769231 0.158653846154 0.0288461538462 0.025
2 0.406730769231 0.1625 0.025 0.025
2 0.455769230769 0.116346153846 0.0192307692308 0.0173076923077
2 0.488461538462 0.100961538462 0.0192307692308 0.0211538461538
