2 0.578846153846 0.785576923077 0.107692307692 0.148076923077
2 0.348076923077 0.342307692308 0.05 0.0538461538462
2 0.446153846154 0.224038461538 0.0346153846154 0.0365384615385
2 0.567307692308 0.199038461538 0.0269230769231 0.0326923076923
2 0.446153846154 0.163461538462 0.0230769230769 0.0230769230769
2 0.457692307692 0.142307692308 0.0230769230769 0.0192307692308
2 0.4125 0.139423076923 0.0211538461538 0.025
2 0.531730769231 0.125961538462 0.0173076923077 0.0173076923077
2 0.464423076923 0.121153846154 0.0211538461538 0.0192307692308
2 0.488461538462 0.0990384615385 0.0192307692308 0.0173076923077
2 0.435576923077 0.0980769230769 0.0173076923077 0.0153846153846
