2 0.595192307692 0.515384615385 0.0826923076923 0.0884615384615
2 0.525961538462 0.269230769231 0.0365384615385 0.0461538461538
2 0.45 0.211538461538 0.0307692307692 0.0307692307692
2 0.454807692308 0.152884615385 0.0211538461538 0.0326923076923
2 0.407692307692 0.154807692308 0.0230769230769 0.025
2 0.458653846154 0.122115384615 0.0211538461538 0.0211538461538
2 0.460576923077 0.0942307692308 0.0173076923077 0.0153846153846
2 0.429807692308 0.0961538461538 0.0173076923077 0.0192307692308
2 0.486538461538 0.0865384615385 0.0153846153846 0.0153846153846
5 0.522115384615 0.0875 0.025 0.0480769230769
