2 0.382692307692 0.730769230769 0.107692307692 0.153846153846
2 0.524038461538 0.296153846154 0.0403846153846 0.0461538461538
2 0.348076923077 0.325961538462 0.0538461538462 0.0557692307692
2 0.414423076923 0.176923076923 0.025 0.0269230769231
2 0.458653846154 0.149038461538 0.025 0.025
2 0.538461538462 0.131730769231 0.0230769230769 0.025
2 0.454807692308 0.117307692308 0.0173076923077 0.0153846153846
2 0.429807692308 0.1 0.0173076923077 0.0192307692308
2 0.484615384615 0.0932692307692 0.0192307692308 0.0173076923077
2 0.522115384615 0.0951923076923 0.0173076923077 0.0173076923077
