4 0.503846153846 0.0528846153846 0.0192307692308 0.0326923076923
2 0.546153846154 0.139423076923 0.0230769230769 0.0211538461538
2 0.461538461538 0.118269230769 0.0192307692308 0.0211538461538
2 0.504807692308 0.165384615385 0.0288461538462 0.0269230769231
2 0.418269230769 0.143269230769 0.0211538461538 0.025
2 0.454807692308 0.183653846154 0.0288461538462 0.0326923076923
2 0.400961538462 0.163461538462 0.025 0.0269230769231
2 0.376923076923 0.207692307692 0.0307692307692 0.0269230769231
2 0.3625 0.253846153846 0.0403846153846 0.0461538461538
2 0.336538461538 0.331730769231 0.05 0.0519230769231
2 0.233653846154 0.563461538462 0.0942307692308 0.103846153846
2 0.424038461538 0.389423076923 0.0557692307692 0.0788461538462
2 0.631730769231 0.382692307692 0.0596153846154 0.0576923076923
2 0.553846153846 0.507692307692 0.0692307692308 0.0884615384615
