2 0.528846153846 0.116346153846 0.0192307692308 0.0211538461538
2 0.499038461538 0.143269230769 0.0211538461538 0.025
2 0.463461538462 0.123076923077 0.0192307692308 0.0230769230769
2 0.427884615385 0.1125 0.0211538461538 0.0173076923077
2 0.418269230769 0.128846153846 0.0211538461538 0.0153846153846
2 0.414423076923 0.149038461538 0.0288461538462 0.025
2 0.461538461538 0.181730769231 0.0269230769231 0.0288461538462
2 0.5625 0.205769230769 0.025 0.0307692307692
2 0.441346153846 0.250961538462 0.0365384615385 0.0365384615385
2 0.414423076923 0.213461538462 0.0365384615385 0.0346153846154
2 0.417307692308 0.328846153846 0.0423076923077 0.05
2 0.35 0.274038461538 0.0384615384615 0.0442307692308
2 0.6875 0.485576923077 0.075 0.0788461538462
2 0.364423076923 0.649038461538 0.0980769230769 0.125
2 0.461538461538 0.0894230769231 0.0153846153846 0.0211538461538
2 0.486538461538 0.0846153846154 0.0153846153846 0.0192307692308
