2 0.525 0.107692307692 0.0192307692308 0.0192307692308
2 0.495192307692 0.117307692308 0.0211538461538 0.0230769230769
2 0.461538461538 0.0903846153846 0.0153846153846 0.0192307692308
2 0.458653846154 0.129807692308 0.0211538461538 0.0211538461538
2 0.425 0.115384615385 0.0192307692308 0.0192307692308
2 0.433653846154 0.101923076923 0.0173076923077 0.0153846153846
2 0.406730769231 0.152884615385 0.025 0.025
2 0.4 0.182692307692 0.0269230769231 0.0269230769231
2 0.453846153846 0.203846153846 0.0307692307692 0.0346153846154
2 0.564423076923 0.2 0.0326923076923 0.0346153846154
2 0.517307692308 0.246153846154 0.0346153846154 0.0384615384615
2 0.375961538462 0.234615384615 0.0365384615385 0.0384615384615
2 0.347115384615 0.300961538462 0.0403846153846 0.0480769230769
2 0.443269230769 0.422115384615 0.0634615384615 0.0788461538462
2 0.666346153846 0.475961538462 0.0596153846154 0.0788461538462
2 0.152884615385 0.730769230769 0.155769230769 0.165384615385
