2 0.489423076923 0.0913461538462 0.0173076923077 0.0134615384615
2 0.4375 0.0913461538462 0.0173076923077 0.0134615384615
2 0.459615384615 0.129807692308 0.0230769230769 0.0211538461538
2 0.415384615385 0.157692307692 0.0269230769231 0.0269230769231
2 0.371153846154 0.271153846154 0.0461538461538 0.05
2 0.529807692308 0.334615384615 0.0519230769231 0.0576923076923
2 0.415384615385 0.408653846154 0.0615384615385 0.0711538461538
2 0.593269230769 0.681730769231 0.101923076923 0.140384615385
2 0.3625 0.722115384615 0.0980769230769 0.140384615385
2 0.461538461538 0.0826923076923 0.0153846153846 0.0153846153846
