2 0.436538461538 0.0865384615385 0.0153846153846 0.0153846153846
2 0.499038461538 0.115384615385 0.0211538461538 0.0192307692308
2 0.455769230769 0.120192307692 0.0230769230769 0.0211538461538
2 0.543269230769 0.147115384615 0.025 0.025
2 0.497115384615 0.156730769231 0.025 0.025
2 0.524038461538 0.297115384615 0.0480769230769 0.0519230769231
2 0.420192307692 0.335576923077 0.0442307692308 0.0557692307692
2 0.579807692308 0.676923076923 0.109615384615 0.15
2 0.219230769231 0.614423076923 0.103846153846 0.136538461538
5 0.504807692308 0.0538461538462 0.0211538461538 0.0384615384615
