1 0.439423076923 0.479807692308 0.0326923076923 0.0980769230769
2 0.182692307692 0.647115384615 0.123076923077 0.132692307692
2 0.680769230769 0.451923076923 0.0692307692308 0.0769230769231
2 0.539423076923 0.385576923077 0.0596153846154 0.0673076923077
2 0.336538461538 0.315384615385 0.0538461538462 0.0538461538462
2 0.529807692308 0.288461538462 0.0442307692308 0.0461538461538
2 0.433653846154 0.275 0.0403846153846 0.0423076923077
2 0.444230769231 0.213461538462 0.0307692307692 0.0346153846154
2 0.508653846154 0.200961538462 0.0326923076923 0.0326923076923
2 0.432692307692 0.154807692308 0.0269230769231 0.0326923076923
2 0.430769230769 0.105769230769 0.0192307692308 0.0230769230769
2 0.464423076923 0.0980769230769 0.0173076923077 0.0153846153846
