1 0.4625 0.231730769231 0.0211538461538 0.0480769230769
2 0.454807692308 0.108653846154 0.0211538461538 0.0211538461538
2 0.498076923077 0.140384615385 0.0230769230769 0.0230769230769
2 0.456730769231 0.142307692308 0.025 0.0230769230769
2 0.455769230769 0.168269230769 0.0269230769231 0.025
2 0.508653846154 0.179807692308 0.0288461538462 0.025
2 0.568269230769 0.192307692308 0.025 0.0307692307692
2 0.516346153846 0.213461538462 0.0326923076923 0.0346153846154
2 0.4 0.171153846154 0.0269230769231 0.0269230769231
2 0.371153846154 0.236538461538 0.0384615384615 0.0423076923077
2 0.525961538462 0.334615384615 0.0519230769231 0.0538461538462
2 0.406730769231 0.352884615385 0.0519230769231 0.0596153846154
2 0.264423076923 0.4625 0.0711538461538 0.075
2 0.436538461538 0.0778846153846 0.0153846153846 0.0211538461538
