3 0.499038461538 0.138461538462 0.0211538461538 0.0307692307692
3 0.511538461538 0.243269230769 0.0346153846154 0.0442307692308
2 0.5 0.200961538462 0.0307692307692 0.0288461538462
2 0.554807692308 0.169230769231 0.0288461538462 0.0230769230769
2 0.523076923077 0.4375 0.0576923076923 0.075
2 0.425 0.353846153846 0.0538461538462 0.0615384615385
2 0.697115384615 0.575 0.0942307692308 0.107692307692
2 0.463461538462 0.100961538462 0.0192307692308 0.0173076923077
2 0.496153846154 0.0923076923077 0.0153846153846 0.0153846153846
2 0.439423076923 0.075 0.0134615384615 0.0192307692308
