2 0.274038461538 0.514423076923 0.101923076923 0.101923076923
2 0.445192307692 0.234615384615 0.0365384615385 0.0384615384615
2 0.370192307692 0.2625 0.0442307692308 0.0480769230769
2 0.55 0.1625 0.0269230769231 0.025
2 0.529807692308 0.119230769231 0.0211538461538 0.0192307692308
2 0.497115384615 0.131730769231 0.0211538461538 0.0211538461538
2 0.458653846154 0.140384615385 0.0211538461538 0.0192307692308
2 0.414423076923 0.1375 0.0211538461538 0.025
2 0.461538461538 0.118269230769 0.0230769230769 0.0134615384615
2 0.425 0.116346153846 0.0230769230769 0.0173076923077
