2 0.463461538462 0.0826923076923 0.0192307692308 0.0153846153846
2 0.423076923077 0.116346153846 0.0192307692308 0.0211538461538
2 0.538461538462 0.142307692308 0.0230769230769 0.0230769230769
2 0.556730769231 0.180769230769 0.025 0.0269230769231
2 0.505769230769 0.219230769231 0.0307692307692 0.0346153846154
2 0.453846153846 0.205769230769 0.0307692307692 0.0307692307692
2 0.3875 0.206730769231 0.0326923076923 0.0288461538462
2 0.441346153846 0.256730769231 0.0365384615385 0.0403846153846
2 0.347115384615 0.279807692308 0.0480769230769 0.0442307692308
2 0.6125 0.309615384615 0.0480769230769 0.0461538461538
