2 0.503846153846 0.129807692308 0.0230769230769 0.0211538461538
2 0.453846153846 0.126923076923 0.0192307692308 0.0230769230769
2 0.434615384615 0.111538461538 0.0192307692308 0.0153846153846
2 0.415384615385 0.129807692308 0.0192307692308 0.0211538461538
2 0.399038461538 0.164423076923 0.0211538461538 0.025
2 0.460576923077 0.186538461538 0.0326923076923 0.0307692307692
2 0.454807692308 0.243269230769 0.0326923076923 0.0442307692308
2 0.428846153846 0.454807692308 0.0615384615385 0.0788461538462
2 0.584615384615 0.772115384615 0.119230769231 0.159615384615
2 0.510576923077 0.0826923076923 0.0134615384615 0.0153846153846
2 0.486538461538 0.0759615384615 0.0153846153846 0.0173076923077
