2 0.551923076923 0.609615384615 0.0961538461538 0.130769230769
2 0.528846153846 0.118269230769 0.0230769230769 0.0211538461538
2 0.488461538462 0.100961538462 0.0153846153846 0.0134615384615
2 0.460576923077 0.101923076923 0.0173076923077 0.0153846153846
2 0.430769230769 0.100961538462 0.0192307692308 0.0173076923077
2 0.459615384615 0.146153846154 0.0230769230769 0.0230769230769
2 0.416346153846 0.152884615385 0.0288461538462 0.025
2 0.398076923077 0.214423076923 0.0346153846154 0.0365384615385
2 0.420192307692 0.332692307692 0.0480769230769 0.05
6 0.655769230769 0.347115384615 0.111538461538 0.190384615385
6 0.778846153846 0.614423076923 0.192307692308 0.286538461538
