6 0.6 0.242307692308 0.0576923076923 0.0961538461538
6 0.572115384615 0.179807692308 0.0480769230769 0.0903846153846
2 0.575 0.638461538462 0.0923076923077 0.138461538462
2 0.206730769231 0.639423076923 0.125 0.136538461538
2 0.509615384615 0.218269230769 0.0346153846154 0.0365384615385
2 0.448076923077 0.1625 0.0230769230769 0.025
2 0.432692307692 0.120192307692 0.0230769230769 0.0211538461538
2 0.464423076923 0.0980769230769 0.0173076923077 0.0153846153846
2 0.431730769231 0.0971153846154 0.0173076923077 0.0173076923077
2 0.511538461538 0.0855769230769 0.0192307692308 0.0173076923077
