3 0.492307692308 0.0932692307692 0.0153846153846 0.025
3 0.497115384615 0.139423076923 0.0173076923077 0.0288461538462
2 0.498076923077 0.116346153846 0.0192307692308 0.0134615384615
2 0.527884615385 0.1125 0.0173076923077 0.0173076923077
2 0.455769230769 0.159615384615 0.0269230769231 0.0230769230769
2 0.503846153846 0.189423076923 0.0307692307692 0.0288461538462
2 0.566346153846 0.215384615385 0.0326923076923 0.0307692307692
2 0.444230769231 0.223076923077 0.0346153846154 0.0384615384615
2 0.408653846154 0.403846153846 0.0596153846154 0.0692307692308
2 0.570192307692 0.574038461538 0.0826923076923 0.105769230769
