3 0.514423076923 0.264423076923 0.0442307692308 0.0557692307692
3 0.582692307692 0.855769230769 0.126923076923 0.207692307692
2 0.489423076923 0.557692307692 0.0865384615385 0.103846153846
2 0.616346153846 0.331730769231 0.0519230769231 0.0480769230769
2 0.503846153846 0.1375 0.0230769230769 0.025
2 0.456730769231 0.158653846154 0.025 0.025
2 0.434615384615 0.108653846154 0.0230769230769 0.0211538461538
2 0.467307692308 0.106730769231 0.0192307692308 0.0173076923077
2 0.4875 0.0923076923077 0.0173076923077 0.0153846153846
2 0.465384615385 0.0798076923077 0.0153846153846 0.0173076923077
