2 0.55 0.528846153846 0.0807692307692 0.0923076923077
2 0.420192307692 0.380769230769 0.0557692307692 0.0576923076923
2 0.510576923077 0.213461538462 0.0365384615385 0.0346153846154
2 0.400961538462 0.181730769231 0.0326923076923 0.0326923076923
2 0.450961538462 0.1625 0.025 0.025
2 0.500961538462 0.152884615385 0.0288461538462 0.025
2 0.490384615385 0.106730769231 0.0192307692308 0.0134615384615
2 0.521153846154 0.1 0.0192307692308 0.0192307692308
2 0.461538461538 0.0826923076923 0.0153846153846 0.0153846153846
2 0.490384615385 0.0855769230769 0.0153846153846 0.0173076923077
