3 0.496153846154 0.102884615385 0.0153846153846 0.025
2 0.499038461538 0.130769230769 0.0211538461538 0.0192307692308
2 0.456730769231 0.108653846154 0.0211538461538 0.0173076923077
2 0.418269230769 0.131730769231 0.0211538461538 0.0173076923077
2 0.455769230769 0.154807692308 0.0230769230769 0.0288461538462
2 0.499038461538 0.168269230769 0.0211538461538 0.025
2 0.453846153846 0.204807692308 0.0307692307692 0.0326923076923
2 0.445192307692 0.290384615385 0.0480769230769 0.05
2 0.317307692308 0.342307692308 0.0615384615385 0.0615384615385
2 0.414423076923 0.375961538462 0.0557692307692 0.0634615384615
2 0.547115384615 0.445192307692 0.0634615384615 0.075
