2 0.361538461538 0.930769230769 0.157692307692 0.134615384615
3 0.503846153846 0.130769230769 0.0230769230769 0.0307692307692
2 0.432692307692 0.399038461538 0.0615384615385 0.0711538461538
2 0.507692307692 0.252884615385 0.0346153846154 0.0365384615385
2 0.439423076923 0.250961538462 0.0403846153846 0.0403846153846
2 0.383653846154 0.213461538462 0.0326923076923 0.0269230769231
2 0.508653846154 0.175 0.025 0.0269230769231
2 0.431730769231 0.151923076923 0.025 0.0269230769231
2 0.494230769231 0.0923076923077 0.0153846153846 0.0153846153846
2 0.436538461538 0.0855769230769 0.0153846153846 0.0134615384615
