2 0.701923076923 0.625 0.103846153846 0.126923076923
2 0.178846153846 0.651923076923 0.134615384615 0.138461538462
2 0.421153846154 0.340384615385 0.05 0.0576923076923
2 0.576923076923 0.229807692308 0.0346153846154 0.0326923076923
2 0.450961538462 0.168269230769 0.025 0.025
2 0.531730769231 0.106730769231 0.0173076923077 0.025
2 0.503846153846 0.115384615385 0.0192307692308 0.0192307692308
2 0.463461538462 0.115384615385 0.0192307692308 0.0192307692308
2 0.490384615385 0.0951923076923 0.0192307692308 0.0173076923077
2 0.463461538462 0.0826923076923 0.0153846153846 0.0153846153846
