5 0.588461538462 0.207692307692 0.0730769230769 0.138461538462
3 0.506730769231 0.182692307692 0.0288461538462 0.0384615384615
3 0.465384615385 0.149038461538 0.0230769230769 0.0288461538462
2 0.496153846154 0.124038461538 0.0192307692308 0.0211538461538
2 0.426923076923 0.108653846154 0.0153846153846 0.0173076923077
2 0.394230769231 0.194230769231 0.0307692307692 0.0269230769231
2 0.515384615385 0.307692307692 0.0423076923077 0.0461538461538
2 0.278846153846 0.465384615385 0.0769230769231 0.0769230769231
2 0.674038461538 0.45 0.075 0.0730769230769
2 0.463461538462 0.0798076923077 0.0153846153846 0.0173076923077
