3 0.499038461538 0.126923076923 0.0211538461538 0.0269230769231
3 0.466346153846 0.106730769231 0.0134615384615 0.025
5 0.55 0.140384615385 0.0461538461538 0.0923076923077
2 0.421153846154 0.125961538462 0.0230769230769 0.0211538461538
2 0.499038461538 0.178846153846 0.025 0.0269230769231
2 0.390384615385 0.208653846154 0.0346153846154 0.0326923076923
2 0.585576923077 0.239423076923 0.0403846153846 0.0365384615385
2 0.367307692308 0.325961538462 0.05 0.0480769230769
2 0.410576923077 0.438461538462 0.0634615384615 0.0730769230769
2 0.490384615385 0.0951923076923 0.0153846153846 0.0211538461538
