2 0.517307692308 0.0865384615385 0.0153846153846 0.0192307692308
2 0.495192307692 0.0894230769231 0.0173076923077 0.0173076923077
2 0.463461538462 0.0894230769231 0.0153846153846 0.0134615384615
2 0.458653846154 0.120192307692 0.0211538461538 0.0211538461538
2 0.543269230769 0.153846153846 0.0211538461538 0.0230769230769
2 0.45 0.191346153846 0.0307692307692 0.0288461538462
2 0.546153846154 0.246153846154 0.0384615384615 0.0423076923077
2 0.374038461538 0.233653846154 0.0403846153846 0.0365384615385
2 0.435576923077 0.307692307692 0.0442307692308 0.0576923076923
2 0.306730769231 0.443269230769 0.0634615384615 0.075
