3 0.490384615385 0.0884615384615 0.0192307692308 0.0230769230769
5 0.529807692308 0.0961538461538 0.0288461538462 0.0653846153846
2 0.436538461538 0.0836538461538 0.0153846153846 0.0173076923077
2 0.489423076923 0.113461538462 0.0211538461538 0.0192307692308
2 0.423076923077 0.120192307692 0.0192307692308 0.0211538461538
2 0.544230769231 0.145192307692 0.0269230769231 0.0211538461538
2 0.438461538462 0.151923076923 0.0230769230769 0.0230769230769
2 0.453846153846 0.1875 0.0307692307692 0.0288461538462
2 0.448076923077 0.245192307692 0.0384615384615 0.0365384615385
2 0.351923076923 0.277884615385 0.0423076923077 0.0442307692308
