2 0.465384615385 0.103846153846 0.0192307692308 0.0192307692308
2 0.500961538462 0.119230769231 0.0173076923077 0.0192307692308
2 0.4625 0.126923076923 0.0211538461538 0.0153846153846
2 0.424038461538 0.123076923077 0.0211538461538 0.0230769230769
2 0.448076923077 0.207692307692 0.0307692307692 0.0269230769231
2 0.402884615385 0.173076923077 0.0288461538462 0.0269230769231
2 0.373076923077 0.260576923077 0.0423076923077 0.0403846153846
2 0.306730769231 0.369230769231 0.0596153846154 0.0692307692308
2 0.429807692308 0.392307692308 0.0596153846154 0.0692307692308
2 0.698076923077 0.583653846154 0.1 0.101923076923
