2 0.376923076923 0.820192307692 0.123076923077 0.175
2 0.7125 0.55 0.0942307692308 0.111538461538
2 0.219230769231 0.584615384615 0.107692307692 0.103846153846
2 0.439423076923 0.286538461538 0.0403846153846 0.0423076923077
2 0.517307692308 0.240384615385 0.0346153846154 0.0346153846154
2 0.457692307692 0.219230769231 0.0307692307692 0.0346153846154
2 0.386538461538 0.207692307692 0.0346153846154 0.0307692307692
2 0.546153846154 0.163461538462 0.0230769230769 0.0269230769231
2 0.460576923077 0.166346153846 0.0288461538462 0.025
2 0.413461538462 0.142307692308 0.0192307692308 0.0192307692308
2 0.463461538462 0.131730769231 0.0192307692308 0.0211538461538
2 0.499038461538 0.125 0.0211538461538 0.0192307692308
2 0.423076923077 0.115384615385 0.0192307692308 0.0192307692308
2 0.464423076923 0.103846153846 0.0173076923077 0.0192307692308
