2 0.0711538461538 0.909615384615 0.142307692308 0.176923076923
2 0.339423076923 0.940384615385 0.144230769231 0.115384615385
2 0.294230769231 0.446153846154 0.0769230769231 0.0769230769231
2 0.433653846154 0.309615384615 0.0442307692308 0.0461538461538
2 0.368269230769 0.246153846154 0.0403846153846 0.0384615384615
2 0.506730769231 0.145192307692 0.025 0.0211538461538
2 0.457692307692 0.158653846154 0.0269230769231 0.025
2 0.405769230769 0.155769230769 0.0269230769231 0.0269230769231
2 0.465384615385 0.127884615385 0.0230769230769 0.0211538461538
2 0.494230769231 0.103846153846 0.0192307692308 0.0192307692308
2 0.441346153846 0.0884615384615 0.0173076923077 0.0192307692308
2 0.4625 0.0990384615385 0.0173076923077 0.0211538461538
