2 0.395192307692 0.624038461538 0.0942307692308 0.125
2 0.596153846154 0.269230769231 0.0423076923077 0.0461538461538
2 0.441346153846 0.289423076923 0.0442307692308 0.0442307692308
2 0.384615384615 0.220192307692 0.0346153846154 0.0326923076923
2 0.455769230769 0.175961538462 0.0269230769231 0.025
2 0.506730769231 0.163461538462 0.025 0.0230769230769
2 0.466346153846 0.147115384615 0.025 0.025
2 0.418269230769 0.132692307692 0.0211538461538 0.0192307692308
2 0.460576923077 0.120192307692 0.0211538461538 0.0211538461538
2 0.526923076923 0.122115384615 0.0153846153846 0.0173076923077
2 0.432692307692 0.0980769230769 0.0192307692308 0.0153846153846
2 0.494230769231 0.0980769230769 0.0192307692308 0.0192307692308
