4 0.497115384615 0.106730769231 0.0288461538462 0.0557692307692
2 0.461538461538 0.106730769231 0.0153846153846 0.0173076923077
2 0.463461538462 0.129807692308 0.0192307692308 0.0211538461538
2 0.456730769231 0.155769230769 0.025 0.0230769230769
2 0.497115384615 0.141346153846 0.0173076923077 0.0211538461538
2 0.420192307692 0.143269230769 0.025 0.025
2 0.483653846154 0.180769230769 0.0288461538462 0.0307692307692
2 0.441346153846 0.215384615385 0.0326923076923 0.0384615384615
2 0.515384615385 0.357692307692 0.05 0.05
6 0.664423076923 0.405769230769 0.0865384615385 0.115384615385
