2 0.361538461538 0.826923076923 0.115384615385 0.169230769231
2 0.539423076923 0.448076923077 0.0711538461538 0.0730769230769
2 0.434615384615 0.420192307692 0.0615384615385 0.0788461538462
2 0.256730769231 0.496153846154 0.0903846153846 0.0846153846154
2 0.582692307692 0.249038461538 0.0384615384615 0.0365384615385
2 0.450961538462 0.2625 0.0403846153846 0.0403846153846
2 0.369230769231 0.2375 0.0346153846154 0.0326923076923
2 0.556730769231 0.175961538462 0.025 0.0288461538462
2 0.503846153846 0.166346153846 0.0230769230769 0.025
2 0.461538461538 0.189423076923 0.0269230769231 0.0288461538462
2 0.401923076923 0.172115384615 0.0269230769231 0.025
2 0.461538461538 0.139423076923 0.0230769230769 0.025
2 0.495192307692 0.117307692308 0.0173076923077 0.0192307692308
2 0.464423076923 0.0894230769231 0.0173076923077 0.0211538461538
2 0.524038461538 0.0961538461538 0.0173076923077 0.0230769230769
