2 0.534615384615 0.118269230769 0.0192307692308 0.0211538461538
2 0.458653846154 0.117307692308 0.0211538461538 0.0192307692308
2 0.426923076923 0.120192307692 0.0192307692308 0.0211538461538
2 0.502884615385 0.163461538462 0.025 0.0269230769231
2 0.455769230769 0.208653846154 0.0346153846154 0.0326923076923
2 0.511538461538 0.245192307692 0.0346153846154 0.0365384615385
2 0.604807692308 0.278846153846 0.0403846153846 0.0461538461538
2 0.450961538462 0.319230769231 0.0442307692308 0.05
2 0.328846153846 0.331730769231 0.05 0.0519230769231
2 0.163461538462 0.691346153846 0.119230769231 0.117307692308
2 0.4 0.610576923077 0.0961538461538 0.128846153846
2 0.673076923077 0.486538461538 0.0730769230769 0.0884615384615
2 0.494230769231 0.0961538461538 0.0192307692308 0.0230769230769
