2 0.496153846154 0.120192307692 0.0230769230769 0.0211538461538
2 0.454807692308 0.133653846154 0.025 0.025
2 0.552884615385 0.156730769231 0.025 0.025
2 0.454807692308 0.172115384615 0.025 0.025
2 0.411538461538 0.180769230769 0.0307692307692 0.0269230769231
2 0.511538461538 0.266346153846 0.0346153846154 0.0365384615385
2 0.434615384615 0.396153846154 0.0576923076923 0.0653846153846
2 0.5375 0.445192307692 0.0634615384615 0.075
2 0.758653846154 0.623076923077 0.113461538462 0.119230769231
2 0.388461538462 0.935576923077 0.130769230769 0.125
