4 0.501923076923 0.139423076923 0.0346153846154 0.0711538461538
2 0.460576923077 0.104807692308 0.0173076923077 0.0211538461538
2 0.457692307692 0.149038461538 0.0230769230769 0.025
2 0.454807692308 0.190384615385 0.0288461538462 0.0307692307692
2 0.503846153846 0.197115384615 0.0307692307692 0.0326923076923
2 0.442307692308 0.241346153846 0.0346153846154 0.0403846153846
2 0.379807692308 0.238461538462 0.0403846153846 0.0384615384615
2 0.520192307692 0.310576923077 0.0480769230769 0.0557692307692
2 0.4 0.430769230769 0.0653846153846 0.0846153846154
2 0.4875 0.0855769230769 0.0173076923077 0.0211538461538
