2 0.168269230769 0.649038461538 0.105769230769 0.105769230769
2 0.325961538462 0.352884615385 0.0519230769231 0.0557692307692
2 0.417307692308 0.404807692308 0.0538461538462 0.0634615384615
2 0.538461538462 0.399038461538 0.0576923076923 0.075
2 0.588461538462 0.253846153846 0.0384615384615 0.0346153846154
2 0.460576923077 0.222115384615 0.0326923076923 0.0288461538462
2 0.390384615385 0.2125 0.0346153846154 0.0326923076923
2 0.454807692308 0.165384615385 0.0211538461538 0.0230769230769
2 0.501923076923 0.131730769231 0.0192307692308 0.0211538461538
2 0.525961538462 0.106730769231 0.0173076923077 0.0211538461538
2 0.465384615385 0.0836538461538 0.0153846153846 0.0173076923077
