2 0.385576923077 0.550961538462 0.109615384615 0.136538461538
2 0.546153846154 0.396153846154 0.0730769230769 0.111538461538
2 0.684615384615 0.425961538462 0.0807692307692 0.109615384615
2 0.443269230769 0.251923076923 0.0442307692308 0.0615384615385
2 0.381730769231 0.218269230769 0.0557692307692 0.0634615384615
2 0.4 0.151923076923 0.0346153846154 0.05
3 0.598076923077 0.15 0.0461538461538 0.0769230769231
4 0.525961538462 0.115384615385 0.0519230769231 0.0923076923077
2 0.476923076923 0.0769230769231 0.0269230769231 0.0269230769231
4 0.544230769231 0.0288461538462 0.0307692307692 0.0576923076923
