2 0.3375 0.756730769231 0.132692307692 0.209615384615
2 0.620192307692 0.5875 0.113461538462 0.144230769231
2 0.443269230769 0.302884615385 0.0596153846154 0.0826923076923
2 0.535576923077 0.224038461538 0.0442307692308 0.0596153846154
2 0.384615384615 0.189423076923 0.0423076923077 0.0442307692308
2 0.457692307692 0.148076923077 0.0384615384615 0.0423076923077
2 0.583653846154 0.133653846154 0.0365384615385 0.0442307692308
2 0.431730769231 0.100961538462 0.0288461538462 0.0326923076923
2 0.563461538462 0.0557692307692 0.0192307692308 0.0230769230769
4 0.523076923077 0.0432692307692 0.0346153846154 0.0711538461538
